ts,site,class,n,src,fill_ratio,mean_ms,p95_ms,stale_ms,prior_ms,last_obs_ms,value_ms
1786116423.602,S1,recommend,0,prior,0.0,,,,1.24,,1.24
1786116423.602,S1,reserve,0,prior,0.0,,,,1.658,,1.658
1786116423.602,S1,search,0,prior,0.0,,,,6.899,,6.899
1786116423.602,S2,recommend,0,prior,0.0,,,,0.975,,0.975
1786116423.602,S2,reserve,0,prior,0.0,,,,1.332,,1.332
1786116423.602,S2,search,0,prior,0.0,,,,4.287,,4.287
1786116423.602,S3,recommend,0,prior,0.0,,,,1.0,,1.0
1786116423.602,S3,reserve,0,prior,0.0,,,,1.348,,1.348
1786116423.602,S3,search,0,prior,0.0,,,,4.019,,4.019
1786116424.603,S1,recommend,0,prior,0.0,,,,1.24,,1.24
1786116424.603,S1,reserve,0,prior,0.0,,,,1.658,,1.658
1786116424.603,S1,search,0,prior,0.0,,,,6.899,,6.899
1786116424.603,S2,recommend,0,prior,0.0,,,,0.975,,0.975
1786116424.603,S2,reserve,0,prior,0.0,,,,1.332,,1.332
1786116424.603,S2,search,0,prior,0.0,,,,4.287,,4.287
1786116424.603,S3,recommend,0,prior,0.0,,,,1.0,,1.0
1786116424.603,S3,reserve,0,prior,0.0,,,,1.348,,1.348
1786116424.603,S3,search,0,prior,0.0,,,,4.019,,4.019
1786116425.602,S1,recommend,0,prior,0.0,,,,1.24,,1.24
1786116425.602,S1,reserve,0,prior,0.0,,,,1.658,,1.658
1786116425.602,S1,search,0,prior,0.0,,,,6.899,,6.899
1786116425.602,S2,recommend,0,prior,0.0,,,,0.975,,0.975
1786116425.602,S2,reserve,0,prior,0.0,,,,1.332,,1.332
1786116425.602,S2,search,0,prior,0.0,,,,4.287,,4.287
1786116425.602,S3,recommend,0,prior,0.0,,,,1.0,,1.0
1786116425.602,S3,reserve,0,prior,0.0,,,,1.348,,1.348
1786116425.602,S3,search,0,prior,0.0,,,,4.019,,4.019
1786116426.603,S1,recommend,0,prior,0.0,,,,1.24,,1.24
1786116426.603,S1,reserve,0,prior,0.0,,,,1.658,,1.658
1786116426.603,S1,search,0,prior,0.0,,,,6.899,,6.899
1786116426.603,S2,recommend,0,prior,0.0,,,,0.975,,0.975
1786116426.603,S2,reserve,0,prior,0.0,,,,1.332,,1.332
1786116426.603,S2,search,0,prior,0.0,,,,4.287,,4.287
1786116426.603,S3,recommend,0,prior,0.0,,,,1.0,,1.0
1786116426.603,S3,reserve,0,prior,0.0,,,,1.348,,1.348
1786116426.603,S3,search,0,prior,0.0,,,,4.019,,4.019
1786116427.604,S1,recommend,0,prior,0.0,,,,1.24,,1.24
1786116427.604,S1,reserve,0,prior,0.0,,,,1.658,,1.658
1786116427.604,S1,search,0,prior,0.0,,,,6.899,,6.899
1786116427.604,S2,recommend,0,prior,0.0,,,,0.975,,0.975
1786116427.604,S2,reserve,0,prior,0.0,,,,1.332,,1.332
1786116427.604,S2,search,0,prior,0.0,,,,4.287,,4.287
1786116427.604,S3,recommend,83,prior,0.1312,0.772,1.568,91.2,1.0,,1.0
1786116427.604,S3,reserve,40,prior,0.1264,39.6731,182.033,103.7,1.348,,1.348
1786116427.604,S3,search,64,prior,0.1342,4.0886,6.584,88.0,4.019,,4.019
1786116428.607,S1,recommend,0,prior,0.0,,,,1.24,,1.24
1786116428.607,S1,reserve,0,prior,0.0,,,,1.658,,1.658
1786116428.607,S1,search,0,prior,0.0,,,,6.899,,6.899
1786116428.607,S2,recommend,0,prior,0.0,,,,0.975,,0.975
1786116428.607,S2,reserve,0,prior,0.0,,,,1.332,,1.332
1786116428.607,S2,search,0,prior,0.0,,,,4.287,,4.287
1786116428.607,S3,recommend,454,prior_fill,0.6337,0.764,1.51,86.2,1.0,,1.0
1786116428.607,S3,reserve,226,prior_fill,0.6364,7.7745,2.697,83.7,1.348,,1.348
1786116428.607,S3,search,342,prior_fill,0.6327,3.829,5.957,91.0,4.019,,4.019
1786116429.607,S1,recommend,0,prior,0.0,,,,1.24,,1.24
1786116429.607,S1,reserve,0,prior,0.0,,,,1.658,,1.658
1786116429.607,S1,search,0,prior,0.0,,,,6.899,,6.899
1786116429.607,S2,recommend,0,prior,0.0,,,,0.975,,0.975
1786116429.607,S2,reserve,0,prior,0.0,,,,1.332,,1.332
1786116429.607,S2,search,0,prior,0.0,,,,4.287,,4.287
1786116429.607,S3,recommend,689,obs,0.9556,0.7354,1.419,83.7,1.0,1.419,1.419
1786116429.607,S3,reserve,344,obs,0.9525,0.8792,1.46,93.7,1.348,1.46,1.46
1786116429.607,S3,search,522,obs,0.9554,3.6095,5.03,86.2,4.019,5.03,5.03
1786116430.607,S1,recommend,0,prior,0.0,,,,1.24,,1.24
1786116430.607,S1,reserve,0,prior,0.0,,,,1.658,,1.658
1786116430.607,S1,search,0,prior,0.0,,,,6.899,,6.899
1786116430.607,S2,recommend,0,prior,0.0,,,,0.975,,0.975
1786116430.607,S2,reserve,0,prior,0.0,,,,1.332,,1.332
1786116430.607,S2,search,0,prior,0.0,,,,4.287,,4.287
1786116430.607,S3,recommend,680,obs,0.9579,0.7026,1.378,83.7,1.0,1.378,1.378
1786116430.607,S3,reserve,344,obs,0.9529,0.8281,1.096,88.7,1.348,1.096,1.096
1786116430.607,S3,search,510,obs,0.9529,3.4877,4.521,86.2,4.019,4.521,4.521
1786116431.607,S1,recommend,0,prior,0.0,,,,1.24,,1.24
1786116431.607,S1,reserve,0,prior,0.0,,,,1.658,,1.658
1786116431.607,S1,search,0,prior,0.0,,,,6.899,,6.899
1786116431.607,S2,recommend,0,prior,0.0,,,,0.975,,0.975
1786116431.607,S2,reserve,0,prior,0.0,,,,1.332,,1.332
1786116431.607,S2,search,0,prior,0.0,,,,4.287,,4.287
1786116431.607,S3,recommend,684,obs,0.9566,0.7038,1.372,86.2,1.0,1.372,1.372
1786116431.607,S3,reserve,342,obs,0.9529,0.8098,1.059,83.7,1.348,1.059,1.059
1786116431.607,S3,search,508,obs,0.9541,3.4939,4.566,88.7,4.019,4.566,4.566
1786116432.607,S1,recommend,0,prior,0.0,,,,1.24,,1.24
1786116432.607,S1,reserve,0,prior,0.0,,,,1.658,,1.658
1786116432.607,S1,search,0,prior,0.0,,,,6.899,,6.899
1786116432.607,S2,recommend,0,prior,0.0,,,,0.975,,0.975
1786116432.607,S2,reserve,0,prior,0.0,,,,1.332,,1.332
1786116432.607,S2,search,0,prior,0.0,,,,4.287,,4.287
1786116432.607,S3,recommend,684,obs,0.9566,0.7018,1.281,81.2,1.0,1.281,1.281
1786116432.607,S3,reserve,340,obs,0.9567,0.8066,1.013,86.2,1.348,1.013,1.013
1786116432.607,S3,search,512,obs,0.9566,3.4812,4.447,83.7,4.019,4.447,4.447
1786116433.608,S1,recommend,0,prior,0.0,,,,1.24,,1.24
1786116433.608,S1,reserve,0,prior,0.0,,,,1.658,,1.658
1786116433.608,S1,search,0,prior,0.0,,,,6.899,,6.899
1786116433.608,S2,recommend,0,prior,0.0,,,,0.975,,0.975
1786116433.608,S2,reserve,0,prior,0.0,,,,1.332,,1.332
1786116433.608,S2,search,0,prior,0.0,,,,4.287,,4.287
1786116433.608,S3,recommend,684,obs,0.9566,0.708,1.358,84.0,1.0,1.358,1.358
1786116433.608,S3,reserve,340,obs,0.9566,0.8056,1.049,81.5,1.348,1.049,1.049
1786116433.608,S3,search,512,obs,0.9554,3.4978,4.495,89.0,4.019,4.495,4.495
1786116434.608,S1,recommend,0,prior,0.0,,,,1.24,,1.24
1786116434.608,S1,reserve,0,prior,0.0,,,,1.658,,1.658
1786116434.608,S1,search,0,prior,0.0,,,,6.899,,6.899
1786116434.608,S2,recommend,0,prior,0.0,,,,0.975,,0.975
1786116434.608,S2,reserve,0,prior,0.0,,,,1.332,,1.332
1786116434.608,S2,search,0,prior,0.0,,,,4.287,,4.287
1786116434.608,S3,recommend,682,obs,0.9604,0.7117,1.382,79.0,1.0,1.382,1.382
1786116434.608,S3,reserve,342,obs,0.9528,0.8112,1.052,91.5,1.348,1.052,1.052
1786116434.608,S3,search,514,obs,0.9554,3.5017,4.54,84.0,4.019,4.54,4.54
1786116435.608,S1,recommend,0,prior,0.0,,,,1.24,,1.24
1786116435.608,S1,reserve,0,prior,0.0,,,,1.658,,1.658
1786116435.608,S1,search,0,prior,0.0,,,,6.899,,6.899
1786116435.608,S2,recommend,0,prior,0.0,,,,0.975,,0.975
1786116435.608,S2,reserve,0,prior,0.0,,,,1.332,,1.332
1786116435.608,S2,search,0,prior,0.0,,,,4.287,,4.287
1786116435.608,S3,recommend,682,obs,0.9579,0.7053,1.354,81.5,1.0,1.354,1.354
1786116435.608,S3,reserve,346,obs,0.9566,0.8234,1.053,79.0,1.348,1.053,1.053
1786116435.608,S3,search,510,obs,0.9579,3.4973,4.522,84.0,4.019,4.522,4.522
1786116436.608,S1,recommend,0,prior,0.0,,,,1.24,,1.24
1786116436.608,S1,reserve,0,prior,0.0,,,,1.658,,1.658
1786116436.608,S1,search,0,prior,0.0,,,,6.899,,6.899
1786116436.608,S2,recommend,0,prior,0.0,,,,0.975,,0.975
1786116436.608,S2,reserve,0,prior,0.0,,,,1.332,,1.332
1786116436.608,S2,search,0,prior,0.0,,,,4.287,,4.287
1786116436.608,S3,recommend,687,obs,0.96,0.7346,1.455,77.2,1.0,1.455,1.455
1786116436.608,S3,reserve,340,obs,0.9529,0.8197,1.015,81.4,1.348,1.015,1.015
1786116436.608,S3,search,512,obs,0.9566,3.5425,4.598,86.5,4.019,4.598,4.598
1786116437.608,S1,recommend,0,prior,0.0,,,,1.24,,1.24
1786116437.608,S1,reserve,0,prior,0.0,,,,1.658,,1.658
1786116437.608,S1,search,0,prior,0.0,,,,6.899,,6.899
1786116437.608,S2,recommend,0,prior,0.0,,,,0.975,,0.975
1786116437.608,S2,reserve,0,prior,0.0,,,,1.332,,1.332
1786116437.608,S2,search,0,prior,0.0,,,,4.287,,4.287
1786116437.608,S3,recommend,686,obs,0.9604,0.7553,1.505,79.0,1.0,1.505,1.505
1786116437.608,S3,reserve,340,obs,0.9566,0.8391,1.075,84.1,1.348,1.075,1.075
1786116437.608,S3,search,512,obs,0.9566,3.6071,4.687,81.5,4.019,4.687,4.687
1786116438.608,S1,recommend,0,prior,0.0,,,,1.24,,1.24
1786116438.608,S1,reserve,0,prior,0.0,,,,1.658,,1.658
1786116438.608,S1,search,0,prior,0.0,,,,6.899,,6.899
1786116438.608,S2,recommend,0,prior,0.0,,,,0.975,,0.975
1786116438.608,S2,reserve,0,prior,0.0,,,,1.332,,1.332
1786116438.608,S2,search,0,prior,0.0,,,,4.287,,4.287
1786116438.608,S3,recommend,682,obs,0.9566,0.7385,1.429,81.5,1.0,1.429,1.429
1786116438.608,S3,reserve,342,obs,0.9604,0.8551,1.08,79.0,1.348,1.08,1.08
1786116438.608,S3,search,514,obs,0.9553,3.5679,4.673,86.5,4.019,4.673,4.673
1786116439.608,S1,recommend,0,prior,0.0,,,,1.24,,1.24
1786116439.608,S1,reserve,0,prior,0.0,,,,1.658,,1.658
1786116439.608,S1,search,0,prior,0.0,,,,6.899,,6.899
1786116439.608,S2,recommend,0,prior,0.0,,,,0.975,,0.975
1786116439.608,S2,reserve,0,prior,0.0,,,,1.332,,1.332
1786116439.608,S2,search,0,prior,0.0,,,,4.287,,4.287
1786116439.608,S3,recommend,682,obs,0.9616,0.7024,1.346,76.5,1.0,1.346,1.346
1786116439.608,S3,reserve,346,obs,0.9604,0.8343,1.114,74.0,1.348,1.114,1.114
1786116439.608,S3,search,514,obs,0.9567,3.4646,4.505,79.0,4.019,4.505,4.505
1786116440.608,S1,recommend,0,prior,0.0,,,,1.24,,1.24
1786116440.608,S1,reserve,0,prior,0.0,,,,1.658,,1.658
1786116440.608,S1,search,0,prior,0.0,,,,6.899,,6.899
1786116440.608,S2,recommend,0,prior,0.0,,,,0.975,,0.975
1786116440.608,S2,reserve,0,prior,0.0,,,,1.332,,1.332
1786116440.608,S2,search,0,prior,0.0,,,,4.287,,4.287
1786116440.608,S3,recommend,687,obs,0.9638,0.7065,1.381,72.1,1.0,1.381,1.381
1786116440.608,S3,reserve,344,obs,0.9567,0.8123,1.061,76.5,1.348,1.061,1.061
1786116440.608,S3,search,510,obs,0.9578,3.4704,4.505,81.5,4.019,4.505,4.505
1786116441.607,S1,recommend,0,prior,0.0,,,,1.24,,1.24
1786116441.607,S1,reserve,0,prior,0.0,,,,1.658,,1.658
1786116441.607,S1,search,0,prior,0.0,,,,6.899,,6.899
1786116441.607,S2,recommend,0,prior,0.0,,,,0.975,,0.975
1786116441.607,S2,reserve,0,prior,0.0,,,,1.332,,1.332
1786116441.607,S2,search,0,prior,0.0,,,,4.287,,4.287
1786116441.607,S3,recommend,688,obs,0.9604,0.7087,1.376,73.6,1.0,1.376,1.376
1786116441.607,S3,reserve,342,obs,0.9641,0.8139,1.035,71.2,1.348,1.035,1.035
1786116441.607,S3,search,514,obs,0.9591,3.4626,4.534,78.6,4.019,4.534,4.534
1786116442.608,S1,recommend,0,prior,0.0,,,,1.24,,1.24
1786116442.608,S1,reserve,0,prior,0.0,,,,1.658,,1.658
1786116442.608,S1,search,0,prior,0.0,,,,6.899,,6.899
1786116442.608,S2,recommend,0,prior,0.0,,,,0.975,,0.975
1786116442.608,S2,reserve,0,prior,0.0,,,,1.332,,1.332
1786116442.608,S2,search,0,prior,0.0,,,,4.287,,4.287
1786116442.608,S3,recommend,689,obs,0.9637,0.6869,1.376,69.8,1.0,1.376,1.376
1786116442.608,S3,reserve,340,obs,0.9566,0.823,1.109,81.5,1.348,1.109,1.109
1786116442.608,S3,search,516,obs,0.9625,3.4919,4.59,74.0,4.019,4.59,4.59
1786116443.607,S1,recommend,0,prior,0.0,,,,1.24,,1.24
1786116443.607,S1,reserve,0,prior,0.0,,,,1.658,,1.658
1786116443.607,S1,search,0,prior,0.0,,,,6.899,,6.899
1786116443.607,S2,recommend,0,prior,0.0,,,,0.975,,0.975
1786116443.607,S2,reserve,0,prior,0.0,,,,1.332,,1.332
1786116443.607,S2,search,0,prior,0.0,,,,4.287,,4.287
1786116443.607,S3,recommend,684,obs,0.9641,0.6902,1.32,71.1,1.0,1.32,1.32
1786116443.607,S3,reserve,344,obs,0.9603,0.8113,1.105,76.2,1.348,1.105,1.105
1786116443.607,S3,search,516,obs,0.9604,3.4984,4.536,73.6,4.019,4.536,4.536
1786116444.608,S1,recommend,0,prior,0.0,,,,1.24,,1.24
1786116444.608,S1,reserve,0,prior,0.0,,,,1.658,,1.658
1786116444.608,S1,search,0,prior,0.0,,,,6.899,,6.899
1786116444.608,S2,recommend,0,prior,0.0,,,,0.975,,0.975
1786116444.608,S2,reserve,0,prior,0.0,,,,1.332,,1.332
1786116444.608,S2,search,0,prior,0.0,,,,4.287,,4.287
1786116444.608,S3,recommend,684,obs,0.9616,0.7535,1.487,73.9,1.0,1.487,1.487
1786116444.608,S3,reserve,348,obs,0.9603,0.8686,1.197,71.5,1.348,1.197,1.197
1786116444.608,S3,search,512,obs,0.9616,3.649,5.356,76.5,4.019,5.356,5.356
1786116445.608,S1,recommend,0,prior,0.0,,,,1.24,,1.24
1786116445.608,S1,reserve,0,prior,0.0,,,,1.658,,1.658
1786116445.608,S1,search,0,prior,0.0,,,,6.899,,6.899
1786116445.608,S2,recommend,0,prior,0.0,,,,0.975,,0.975
1786116445.608,S2,reserve,0,prior,0.0,,,,1.332,,1.332
1786116445.608,S2,search,0,prior,0.0,,,,4.287,,4.287
1786116445.608,S3,recommend,690,obs,0.9641,0.7546,1.495,69.0,1.0,1.495,1.495
1786116445.608,S3,reserve,343,obs,0.9599,0.8726,1.297,67.3,1.348,1.297,1.297
1786116445.608,S3,search,514,obs,0.9641,3.6307,5.478,71.5,4.019,5.478,5.478
1786116446.608,S1,recommend,0,prior,0.0,,,,1.24,,1.24
1786116446.608,S1,reserve,0,prior,0.0,,,,1.658,,1.658
1786116446.608,S1,search,0,prior,0.0,,,,6.899,,6.899
1786116446.608,S2,recommend,0,prior,0.0,,,,0.975,,0.975
1786116446.608,S2,reserve,0,prior,0.0,,,,1.332,,1.332
1786116446.608,S2,search,0,prior,0.0,,,,4.287,,4.287
1786116446.608,S3,recommend,690,obs,0.9641,0.7083,1.34,71.4,1.0,1.34,1.34
1786116446.608,S3,reserve,342,obs,0.9641,0.7954,0.986,69.0,1.348,0.986,0.986
1786116446.608,S3,search,514,obs,0.9592,3.4574,4.388,76.4,4.019,4.388,4.388
1786116447.608,S1,recommend,0,prior,0.0,,,,1.24,,1.24
1786116447.608,S1,reserve,0,prior,0.0,,,,1.658,,1.658
1786116447.608,S1,search,0,prior,0.0,,,,6.899,,6.899
1786116447.608,S2,recommend,0,prior,0.0,,,,0.975,,0.975
1786116447.608,S2,reserve,0,prior,0.0,,,,1.332,,1.332
1786116447.608,S2,search,0,prior,0.0,,,,4.287,,4.287
1786116447.608,S3,recommend,688,obs,0.9641,0.7054,1.356,66.5,1.0,1.356,1.356
1786116447.608,S3,reserve,342,obs,0.9604,0.8676,1.086,78.9,1.348,1.086,1.086
1786116447.608,S3,search,518,obs,0.9628,3.5318,4.451,71.5,4.019,4.451,4.451
1786116448.608,S1,recommend,0,prior,0.0,,,,1.24,,1.24
1786116448.608,S1,reserve,0,prior,0.0,,,,1.658,,1.658
1786116448.608,S1,search,0,prior,0.0,,,,6.899,,6.899
1786116448.608,S2,recommend,0,prior,0.0,,,,0.975,,0.975
1786116448.608,S2,reserve,0,prior,0.0,,,,1.332,,1.332
1786116448.608,S2,search,0,prior,0.0,,,,4.287,,4.287
1786116448.608,S3,recommend,686,obs,0.9679,0.7062,1.423,64.0,1.0,1.423,1.423
1786116448.608,S3,reserve,346,obs,0.9604,0.8877,1.164,74.0,1.348,1.164,1.164
1786116448.608,S3,search,517,obs,0.9625,3.5536,4.509,67.1,4.019,4.509,4.509
1786116449.608,S1,recommend,0,prior,0.0,,,,1.24,,1.24
1786116449.608,S1,reserve,0,prior,0.0,,,,1.658,,1.658
1786116449.608,S1,search,0,prior,0.0,,,,6.899,,6.899
1786116449.608,S2,recommend,0,prior,0.0,,,,0.975,,0.975
1786116449.608,S2,reserve,0,prior,0.0,,,,1.332,,1.332
1786116449.608,S2,search,0,prior,0.0,,,,4.287,,4.287
1786116449.608,S3,recommend,690,obs,0.9679,0.7075,1.342,63.9,1.0,1.342,1.342
1786116449.608,S3,reserve,346,obs,0.9604,0.8161,1.065,68.9,1.348,1.065,1.065
1786116449.608,S3,search,514,obs,0.9653,3.5068,4.532,66.5,4.019,4.532,4.532
1786116450.608,S1,recommend,0,prior,0.0,,,,1.24,,1.24
1786116450.608,S1,reserve,0,prior,0.0,,,,1.658,,1.658
1786116450.608,S1,search,0,prior,0.0,,,,6.899,,6.899
1786116450.608,S2,recommend,0,prior,0.0,,,,0.975,,0.975
1786116450.608,S2,reserve,0,prior,0.0,,,,1.332,,1.332
1786116450.608,S2,search,0,prior,0.0,,,,4.287,,4.287
1786116450.608,S3,recommend,690,obs,0.9641,0.695,1.333,66.4,1.0,1.333,1.333
1786116450.608,S3,reserve,344,obs,0.9678,0.8083,1.065,63.9,1.348,1.065,1.065
1786116450.608,S3,search,516,obs,0.9641,3.4979,4.515,68.9,4.019,4.515,4.515
1786116451.608,S1,recommend,0,prior,0.0,,,,1.24,,1.24
1786116451.608,S1,reserve,0,prior,0.0,,,,1.658,,1.658
1786116451.608,S1,search,0,prior,0.0,,,,6.899,,6.899
1786116451.608,S2,recommend,0,prior,0.0,,,,0.975,,0.975
1786116451.608,S2,reserve,0,prior,0.0,,,,1.332,,1.332
1786116451.608,S2,search,0,prior,0.0,,,,4.287,,4.287
1786116451.608,S3,recommend,691,obs,0.9675,0.6881,1.368,62.1,1.0,1.368,1.368
1786116451.608,S3,reserve,342,obs,0.9641,0.7982,1.009,66.4,1.348,1.009,1.009
1786116451.608,S3,search,517,obs,0.9675,3.4966,4.462,64.7,4.019,4.462,4.462
1786116452.608,S1,recommend,0,prior,0.0,,,,1.24,,1.24
1786116452.608,S1,reserve,0,prior,0.0,,,,1.658,,1.658
1786116452.608,S1,search,0,prior,0.0,,,,6.899,,6.899
1786116452.608,S2,recommend,0,prior,0.0,,,,0.975,,0.975
1786116452.608,S2,reserve,0,prior,0.0,,,,1.332,,1.332
1786116452.608,S2,search,0,prior,0.0,,,,4.287,,4.287
1786116452.608,S3,recommend,688,obs,0.9679,0.7132,1.505,63.9,1.0,1.505,1.505
1786116452.608,S3,reserve,346,obs,0.9679,0.8137,1.031,61.4,1.348,1.031,1.031
1786116452.608,S3,search,518,obs,0.9629,3.4973,4.427,68.9,4.019,4.427,4.427
1786116453.608,S1,recommend,0,prior,0.0,,,,1.24,,1.24
1786116453.608,S1,reserve,0,prior,0.0,,,,1.658,,1.658
1786116453.608,S1,search,0,prior,0.0,,,,6.899,,6.899
1786116453.608,S2,recommend,0,prior,0.0,,,,0.975,,0.975
1786116453.608,S2,reserve,0,prior,0.0,,,,1.332,,1.332
1786116453.608,S2,search,0,prior,0.0,,,,4.287,,4.287
1786116453.608,S3,recommend,688,obs,0.9679,0.7127,1.502,61.4,1.0,1.502,1.502
1786116453.608,S3,reserve,348,obs,0.9604,0.8306,1.09,71.4,1.348,1.09,1.09
1786116453.608,S3,search,516,obs,0.9679,3.4671,4.364,63.9,4.019,4.364,4.364
1786116454.607,S1,recommend,0,prior,0.0,,,,1.24,,1.24
1786116454.607,S1,reserve,0,prior,0.0,,,,1.658,,1.658
1786116454.607,S1,search,0,prior,0.0,,,,6.899,,6.899
1786116454.607,S2,recommend,0,prior,0.0,,,,0.975,,0.975
1786116454.607,S2,reserve,0,prior,0.0,,,,1.332,,1.332
1786116454.607,S2,search,0,prior,0.0,,,,4.287,,4.287
1786116454.607,S3,recommend,692,obs,0.9675,0.7174,1.443,61.1,1.0,1.443,1.443
1786116454.607,S3,reserve,344,obs,0.9603,0.8276,1.028,66.1,1.348,1.028,1.028
1786116454.607,S3,search,516,obs,0.9679,3.4556,4.396,63.6,4.019,4.396,4.396
1786116455.608,S1,recommend,0,prior,0.0,,,,1.24,,1.24
1786116455.608,S1,reserve,0,prior,0.0,,,,1.658,,1.658
1786116455.608,S1,search,0,prior,0.0,,,,6.899,,6.899
1786116455.608,S2,recommend,0,prior,0.0,,,,0.975,,0.975
1786116455.608,S2,reserve,0,prior,0.0,,,,1.332,,1.332
1786116455.608,S2,search,0,prior,0.0,,,,4.287,,4.287
1786116455.608,S3,recommend,692,obs,0.9679,0.7162,1.398,64.0,1.0,1.398,1.398
1786116455.608,S3,reserve,344,obs,0.9679,0.8098,0.991,61.4,1.348,0.991,0.991
1786116455.608,S3,search,516,obs,0.9641,3.4797,4.613,66.4,4.019,4.613,4.613
1786116456.608,S1,recommend,0,prior,0.0,,,,1.24,,1.24
1786116456.608,S1,reserve,0,prior,0.0,,,,1.658,,1.658
1786116456.608,S1,search,0,prior,0.0,,,,6.899,,6.899
1786116456.608,S2,recommend,0,prior,0.0,,,,0.975,,0.975
1786116456.608,S2,reserve,0,prior,0.0,,,,1.332,,1.332
1786116456.608,S2,search,0,prior,0.0,,,,4.287,,4.287
1786116456.608,S3,recommend,690,obs,0.9679,0.6904,1.273,58.9,1.0,1.273,1.273
1786116456.608,S3,reserve,345,obs,0.9713,0.8207,1.024,57.1,1.348,1.024,1.024
1786116456.608,S3,search,520,obs,0.9679,3.4799,4.479,61.4,4.019,4.479,4.479
1786116457.608,S1,recommend,0,prior,0.0,,,,1.24,,1.24
1786116457.608,S1,reserve,0,prior,0.0,,,,1.658,,1.658
1786116457.608,S1,search,0,prior,0.0,,,,6.899,,6.899
1786116457.608,S2,recommend,0,prior,0.0,,,,0.975,,0.975
1786116457.608,S2,reserve,0,prior,0.0,,,,1.332,,1.332
1786116457.608,S2,search,0,prior,0.0,,,,4.287,,4.287
1786116457.608,S3,recommend,688,obs,0.9691,0.7218,1.327,61.4,1.0,1.327,1.327
1786116457.608,S3,reserve,348,obs,0.9679,0.8547,1.14,58.9,1.348,1.14,1.14
1786116457.608,S3,search,518,obs,0.9629,3.5692,4.569,66.4,4.019,4.569,4.569
1786116458.608,S1,recommend,0,prior,0.0,,,,1.24,,1.24
1786116458.608,S1,reserve,0,prior,0.0,,,,1.658,,1.658
1786116458.608,S1,search,0,prior,0.0,,,,6.899,,6.899
1786116458.608,S2,recommend,0,prior,0.0,,,,0.975,,0.975
1786116458.608,S2,reserve,0,prior,0.0,,,,1.332,,1.332
1786116458.608,S2,search,0,prior,0.0,,,,4.287,,4.287
1786116458.608,S3,recommend,694,obs,0.9716,0.7566,1.513,56.4,1.0,1.513,1.513
1786116458.608,S3,reserve,346,obs,0.9604,0.8421,1.126,68.9,1.348,1.126,1.126
1786116458.608,S3,search,516,obs,0.9679,3.6011,4.88,61.4,4.019,4.88,4.88
1786116459.607,S1,recommend,0,prior,0.0,,,,1.24,,1.24
1786116459.607,S1,reserve,0,prior,0.0,,,,1.658,,1.658
1786116459.607,S1,search,0,prior,0.0,,,,6.899,,6.899
1786116459.607,S2,recommend,0,prior,0.0,,,,0.975,,0.975
1786116459.607,S2,reserve,0,prior,0.0,,,,1.332,,1.332
1786116459.607,S2,search,0,prior,0.0,,,,4.287,,4.287
1786116459.607,S3,recommend,694,obs,0.9704,0.7414,1.523,53.6,1.0,1.523,1.523
1786116459.607,S3,reserve,344,obs,0.9679,0.8134,1.069,63.6,1.348,1.069,1.069
1786116459.607,S3,search,520,obs,0.9704,3.5433,4.755,56.0,4.019,4.755,4.755
1786116460.608,S1,recommend,0,prior,0.0,,,,1.24,,1.24
1786116460.608,S1,reserve,0,prior,0.0,,,,1.658,,1.658
1786116460.608,S1,search,0,prior,0.0,,,,6.899,,6.899
1786116460.608,S2,recommend,0,prior,0.0,,,,0.975,,0.975
1786116460.608,S2,reserve,0,prior,0.0,,,,1.332,,1.332
1786116460.608,S2,search,0,prior,0.0,,,,4.287,,4.287
1786116460.608,S3,recommend,694,obs,0.9716,0.6969,1.336,53.9,1.0,1.336,1.336
1786116460.608,S3,reserve,344,obs,0.9679,0.8021,1.028,58.9,1.348,1.028,1.028
1786116460.608,S3,search,520,obs,0.9716,3.4936,4.526,56.4,4.019,4.526,4.526
1786116461.608,S1,recommend,0,prior,0.0,,,,1.24,,1.24
1786116461.608,S1,reserve,0,prior,0.0,,,,1.658,,1.658
1786116461.608,S1,search,0,prior,0.0,,,,6.899,,6.899
1786116461.608,S2,recommend,0,prior,0.0,,,,0.975,,0.975
1786116461.608,S2,reserve,0,prior,0.0,,,,1.332,,1.332
1786116461.608,S2,search,0,prior,0.0,,,,4.287,,4.287
1786116461.608,S3,recommend,690,obs,0.9716,0.7117,1.411,56.4,1.0,1.411,1.411
1786116461.608,S3,reserve,348,obs,0.9712,0.8035,0.975,53.9,1.348,0.975,0.975
1786116461.608,S3,search,520,obs,0.9679,3.4957,4.446,58.9,4.019,4.446,4.446
1786116462.608,S1,recommend,0,prior,0.0,,,,1.24,,1.24
1786116462.608,S1,reserve,0,prior,0.0,,,,1.658,,1.658
1786116462.608,S1,search,0,prior,0.0,,,,6.899,,6.899
1786116462.608,S2,recommend,0,prior,0.0,,,,0.975,,0.975
1786116462.608,S2,reserve,0,prior,0.0,,,,1.332,,1.332
1786116462.608,S2,search,0,prior,0.0,,,,4.287,,4.287
1786116462.608,S3,recommend,692,obs,0.9729,0.7123,1.399,51.4,1.0,1.399,1.399
1786116462.608,S3,reserve,350,obs,0.9678,0.8127,1.0,56.4,1.348,1.0,1.0
1786116462.608,S3,search,518,obs,0.9729,3.5094,4.594,53.9,4.019,4.594,4.594
1786116463.607,S1,recommend,0,prior,0.0,,,,1.24,,1.24
1786116463.607,S1,reserve,0,prior,0.0,,,,1.658,,1.658
1786116463.607,S1,search,0,prior,0.0,,,,6.899,,6.899
1786116463.607,S2,recommend,0,prior,0.0,,,,0.975,,0.975
1786116463.607,S2,reserve,0,prior,0.0,,,,1.332,,1.332
1786116463.607,S2,search,0,prior,0.0,,,,4.287,,4.287
1786116463.607,S3,recommend,696,obs,0.9716,0.7033,1.392,53.6,1.0,1.392,1.392
1786116463.607,S3,reserve,346,obs,0.9678,0.8059,0.965,51.0,1.348,0.965,0.965
1786116463.607,S3,search,518,obs,0.9704,3.5034,4.54,58.5,4.019,4.54,4.54
1786116464.608,S1,recommend,0,prior,0.0,,,,1.24,,1.24
1786116464.608,S1,reserve,0,prior,0.0,,,,1.658,,1.658
1786116464.608,S1,search,0,prior,0.0,,,,6.899,,6.899
1786116464.608,S2,recommend,0,prior,0.0,,,,0.975,,0.975
1786116464.608,S2,reserve,0,prior,0.0,,,,1.332,,1.332
1786116464.608,S2,search,0,prior,0.0,,,,4.287,,4.287
1786116464.608,S3,recommend,698,obs,0.9754,0.7028,1.338,48.9,1.0,1.338,1.338
1786116464.608,S3,reserve,344,obs,0.9679,0.8024,1.005,61.4,1.348,1.005,1.005
1786116464.608,S3,search,520,obs,0.9704,3.4963,4.576,53.9,4.019,4.576,4.576
1786116465.608,S1,recommend,0,prior,0.0,,,,1.24,,1.24
1786116465.608,S1,reserve,0,prior,0.0,,,,1.658,,1.658
1786116465.608,S1,search,0,prior,0.0,,,,6.899,,6.899
1786116465.608,S2,recommend,0,prior,0.0,,,,0.975,,0.975
1786116465.608,S2,reserve,0,prior,0.0,,,,1.332,,1.332
1786116465.608,S2,search,0,prior,0.0,,,,4.287,,4.287
1786116465.608,S3,recommend,692,obs,0.9716,0.6882,1.288,51.4,1.0,1.288,1.288
1786116465.608,S3,reserve,346,obs,0.9716,0.825,1.072,56.4,1.348,1.072,1.072
1786116465.608,S3,search,522,obs,0.9716,3.4745,4.671,53.9,4.019,4.671,4.671
1786116466.608,S1,recommend,0,prior,0.0,,,,1.24,,1.24
1786116466.608,S1,reserve,0,prior,0.0,,,,1.658,,1.658
1786116466.608,S1,search,0,prior,0.0,,,,6.899,,6.899
1786116466.608,S2,recommend,0,prior,0.0,,,,0.975,,0.975
1786116466.608,S2,reserve,0,prior,0.0,,,,1.332,,1.332
1786116466.608,S2,search,0,prior,0.0,,,,4.287,,4.287
1786116466.608,S3,recommend,692,obs,0.9766,0.693,1.313,46.4,1.0,1.313,1.313
1786116466.608,S3,reserve,350,obs,0.9716,0.8173,1.068,51.4,1.348,1.068,1.068
1786116466.608,S3,search,522,obs,0.9716,3.5012,4.61,48.9,4.019,4.61,4.61
1786116467.607,S1,recommend,0,prior,0.0,,,,1.24,,1.24
1786116467.607,S1,reserve,0,prior,0.0,,,,1.658,,1.658
1786116467.607,S1,search,0,prior,0.0,,,,6.899,,6.899
1786116467.607,S2,recommend,0,prior,0.0,,,,0.975,,0.975
1786116467.607,S2,reserve,0,prior,0.0,,,,1.332,,1.332
1786116467.607,S2,search,0,prior,0.0,,,,4.287,,4.287
1786116467.607,S3,recommend,696,obs,0.9754,0.741,1.388,48.6,1.0,1.388,1.388
1786116467.607,S3,reserve,350,obs,0.9716,0.8272,1.062,46.1,1.348,1.062,1.062
1786116467.607,S3,search,518,obs,0.9729,3.5487,4.46,51.0,4.019,4.46,4.46
1786116468.608,S1,recommend,0,prior,0.0,,,,1.24,,1.24
1786116468.608,S1,reserve,0,prior,0.0,,,,1.658,,1.658
1786116468.608,S1,search,0,prior,0.0,,,,6.899,,6.899
1786116468.608,S2,recommend,0,prior,0.0,,,,0.975,,0.975
1786116468.608,S2,reserve,0,prior,0.0,,,,1.332,,1.332
1786116468.608,S2,search,0,prior,0.0,,,,4.287,,4.287
1786116468.608,S3,recommend,696,obs,0.9716,0.7399,1.349,51.4,1.0,1.349,1.349
1786116468.608,S3,reserve,346,obs,0.9754,0.8221,0.997,48.9,1.348,0.997,0.997
1786116468.608,S3,search,520,obs,0.9703,3.5238,4.448,56.3,4.019,4.448,4.448
1786116469.608,S1,recommend,0,prior,0.0,,,,1.24,,1.24
1786116469.608,S1,reserve,0,prior,0.0,,,,1.658,,1.658
1786116469.608,S1,search,0,prior,0.0,,,,6.899,,6.899
1786116469.608,S2,recommend,0,prior,0.0,,,,0.975,,0.975
1786116469.608,S2,reserve,0,prior,0.0,,,,1.332,,1.332
1786116469.608,S2,search,0,prior,0.0,,,,4.287,,4.287
1786116469.608,S3,recommend,698,obs,0.9754,0.7372,1.497,46.0,1.0,1.497,1.497
1786116469.608,S3,reserve,346,obs,0.9754,0.8211,1.061,43.6,1.348,1.061,1.061
1786116469.608,S3,search,522,obs,0.9738,3.5732,4.74,51.0,4.019,4.74,4.74
1786116470.607,S1,recommend,0,prior,0.0,,,,1.24,,1.24
1786116470.607,S1,reserve,0,prior,0.0,,,,1.658,,1.658
1786116470.607,S1,search,0,prior,0.0,,,,6.899,,6.899
1786116470.607,S2,recommend,0,prior,0.0,,,,0.975,,0.975
1786116470.607,S2,reserve,0,prior,0.0,,,,1.332,,1.332
1786116470.607,S2,search,0,prior,0.0,,,,4.287,,4.287
1786116470.607,S3,recommend,696,obs,0.9791,0.7457,1.513,41.0,1.0,1.513,1.513
1786116470.607,S3,reserve,348,obs,0.9716,0.8253,1.113,53.5,1.348,1.113,1.113
1786116470.607,S3,search,524,obs,0.9741,3.5636,4.7,46.0,4.019,4.7,4.7
1786116471.608,S1,recommend,0,prior,0.0,,,,1.24,,1.24
1786116471.608,S1,reserve,0,prior,0.0,,,,1.658,,1.658
1786116471.608,S1,search,0,prior,0.0,,,,6.899,,6.899
1786116471.608,S2,recommend,0,prior,0.0,,,,0.975,,0.975
1786116471.608,S2,reserve,0,prior,0.0,,,,1.332,,1.332
1786116471.608,S2,search,0,prior,0.0,,,,4.287,,4.287
1786116471.608,S3,recommend,694,obs,0.9766,0.6998,1.443,43.9,1.0,1.443,1.443
1786116471.608,S3,reserve,352,obs,0.9716,0.8126,1.049,48.9,1.348,1.049,1.049
1786116471.608,S3,search,520,obs,0.9767,3.4583,4.464,46.3,4.019,4.464,4.464
1786116472.607,S1,recommend,0,prior,0.0,,,,1.24,,1.24
1786116472.607,S1,reserve,0,prior,0.0,,,,1.658,,1.658
1786116472.607,S1,search,0,prior,0.0,,,,6.899,,6.899
1786116472.607,S2,recommend,0,prior,0.0,,,,0.975,,0.975
1786116472.607,S2,reserve,0,prior,0.0,,,,1.332,,1.332
1786116472.607,S2,search,0,prior,0.0,,,,4.287,,4.287
1786116472.607,S3,recommend,698,obs,0.975,0.6943,1.372,46.0,1.0,1.372,1.372
1786116472.607,S3,reserve,348,obs,0.9716,0.8069,1.018,43.5,1.348,1.018,1.018
1786116472.607,S3,search,520,obs,0.9753,3.4405,4.515,48.5,4.019,4.515,4.515
1786116473.608,S1,recommend,0,prior,0.0,,,,1.24,,1.24
1786116473.608,S1,reserve,0,prior,0.0,,,,1.658,,1.658
1786116473.608,S1,search,0,prior,0.0,,,,6.899,,6.899
1786116473.608,S2,recommend,0,prior,0.0,,,,0.975,,0.975
1786116473.608,S2,reserve,0,prior,0.0,,,,1.332,,1.332
1786116473.608,S2,search,0,prior,0.0,,,,4.287,,4.287
1786116473.608,S3,recommend,700,obs,0.9791,0.8273,1.723,41.4,1.0,1.723,1.723
1786116473.608,S3,reserve,346,obs,0.9754,0.8825,1.32,46.4,1.348,1.32,1.32
1786116473.608,S3,search,522,obs,0.9754,3.8138,5.562,43.8,4.019,5.562,5.562
1786116474.607,S1,recommend,0,prior,0.0,,,,1.24,,1.24
1786116474.607,S1,reserve,0,prior,0.0,,,,1.658,,1.658
1786116474.607,S1,search,0,prior,0.0,,,,6.899,,6.899
1786116474.607,S2,recommend,0,prior,0.0,,,,0.975,,0.975
1786116474.607,S2,reserve,0,prior,0.0,,,,1.332,,1.332
1786116474.607,S2,search,0,prior,0.0,,,,4.287,,4.287
1786116474.607,S3,recommend,696,obs,0.9754,0.9714,1.982,43.5,1.0,1.982,1.982
1786116474.607,S3,reserve,348,obs,0.9791,0.9983,1.901,41.0,1.348,1.901,1.901
1786116474.607,S3,search,524,obs,0.9741,4.3263,6.42,48.5,4.019,6.42,6.42
1786116475.608,S1,recommend,0,prior,0.0,,,,1.24,,1.24
1786116475.608,S1,reserve,0,prior,0.0,,,,1.658,,1.658
1786116475.608,S1,search,0,prior,0.0,,,,6.899,,6.899
1786116475.608,S2,recommend,0,prior,0.0,,,,0.975,,0.975
1786116475.608,S2,reserve,0,prior,0.0,,,,1.332,,1.332
1786116475.608,S2,search,0,prior,0.0,,,,4.287,,4.287
1786116475.608,S3,recommend,696,obs,0.9804,1.0227,2.003,38.8,1.0,2.003,2.003
1786116475.608,S3,reserve,350,obs,0.9716,1.0103,1.836,51.3,1.348,1.836,1.836
1786116475.608,S3,search,524,obs,0.9738,4.4603,6.477,43.8,4.019,6.477,6.477
1786116476.608,S1,recommend,0,prior,0.0,,,,1.24,,1.24
1786116476.608,S1,reserve,0,prior,0.0,,,,1.658,,1.658
1786116476.608,S1,search,0,prior,0.0,,,,6.899,,6.899
1786116476.608,S2,recommend,0,prior,0.0,,,,0.975,,0.975
1786116476.608,S2,reserve,0,prior,0.0,,,,1.332,,1.332
1786116476.608,S2,search,0,prior,0.0,,,,4.287,,4.287
1786116476.608,S3,recommend,698,obs,0.9791,0.964,1.946,41.3,1.0,1.946,1.946
1786116476.608,S3,reserve,352,obs,0.9754,0.9683,1.697,38.8,1.348,1.697,1.697
1786116476.608,S3,search,520,obs,0.9763,4.2243,6.062,43.8,4.019,6.062,6.062
1786116477.607,S1,recommend,0,prior,0.0,,,,1.24,,1.24
1786116477.607,S1,reserve,0,prior,0.0,,,,1.658,,1.658
1786116477.607,S1,search,0,prior,0.0,,,,6.899,,6.899
1786116477.607,S2,recommend,0,prior,0.0,,,,0.975,,0.975
1786116477.607,S2,reserve,0,prior,0.0,,,,1.332,,1.332
1786116477.607,S2,search,0,prior,0.0,,,,4.287,,4.287
1786116477.607,S3,recommend,702,obs,0.9791,0.8014,1.69,36.3,1.0,1.69,1.69
1786116477.607,S3,reserve,348,obs,0.9791,0.9005,1.276,41.3,1.348,1.276,1.276
1786116477.607,S3,search,522,obs,0.9754,3.8088,5.436,46.3,4.019,5.436,5.436
1786116478.608,S1,recommend,0,prior,0.0,,,,1.24,,1.24
1786116478.608,S1,reserve,0,prior,0.0,,,,1.658,,1.658
1786116478.608,S1,search,0,prior,0.0,,,,6.899,,6.899
1786116478.608,S2,recommend,0,prior,0.0,,,,0.975,,0.975
1786116478.608,S2,reserve,0,prior,0.0,,,,1.332,,1.332
1786116478.608,S2,search,0,prior,0.0,,,,4.287,,4.287
1786116478.608,S3,recommend,702,obs,0.9816,0.6981,1.37,33.8,1.0,1.37,1.37
1786116478.608,S3,reserve,346,obs,0.9754,0.8286,0.981,43.8,1.348,0.981,0.981
1786116478.608,S3,search,526,obs,0.9813,3.5714,4.681,36.3,4.019,4.681,4.681
1786116479.607,S1,recommend,0,prior,0.0,,,,1.24,,1.24
1786116479.607,S1,reserve,0,prior,0.0,,,,1.658,,1.658
1786116479.607,S1,search,0,prior,0.0,,,,6.899,,6.899
1786116479.607,S2,recommend,0,prior,0.0,,,,0.975,,0.975
1786116479.607,S2,reserve,0,prior,0.0,,,,1.332,,1.332
1786116479.607,S2,search,0,prior,0.0,,,,4.287,,4.287
1786116479.607,S3,recommend,698,obs,0.9829,0.7022,1.352,33.5,1.0,1.352,1.352
1786116479.607,S3,reserve,350,obs,0.9791,0.8021,1.015,38.5,1.348,1.015,1.015
1786116479.607,S3,search,526,obs,0.9791,3.507,4.681,36.0,4.019,4.681,4.681
1786116480.608,S1,recommend,0,prior,0.0,,,,1.24,,1.24
1786116480.608,S1,reserve,0,prior,0.0,,,,1.658,,1.658
1786116480.608,S1,search,0,prior,0.0,,,,6.899,,6.899
1786116480.608,S2,recommend,0,prior,0.0,,,,0.975,,0.975
1786116480.608,S2,reserve,0,prior,0.0,,,,1.332,,1.332
1786116480.608,S2,search,0,prior,0.0,,,,4.287,,4.287
1786116480.608,S3,recommend,696,obs,0.9804,0.7112,1.419,36.3,1.0,1.419,1.419
1786116480.608,S3,reserve,354,obs,0.9791,0.8221,1.089,33.8,1.348,1.089,1.089
1786116480.608,S3,search,524,obs,0.98,3.4694,4.408,38.8,4.019,4.408,4.408
1786116481.607,S1,recommend,0,prior,0.0,,,,1.24,,1.24
1786116481.607,S1,reserve,0,prior,0.0,,,,1.658,,1.658
1786116481.607,S1,search,0,prior,0.0,,,,6.899,,6.899
1786116481.607,S2,recommend,0,prior,0.0,,,,0.975,,0.975
1786116481.607,S2,reserve,0,prior,0.0,,,,1.332,,1.332
1786116481.607,S2,search,0,prior,0.0,,,,4.287,,4.287
1786116481.607,S3,recommend,702,obs,0.9829,0.7204,1.416,31.0,1.0,1.416,1.416
1786116481.607,S3,reserve,350,obs,0.9754,0.8135,1.039,35.9,1.348,1.039,1.039
1786116481.607,S3,search,524,obs,0.9829,3.4541,4.394,33.5,4.019,4.394,4.394
1786116482.607,S1,recommend,0,prior,0.0,,,,1.24,,1.24
1786116482.607,S1,reserve,0,prior,0.0,,,,1.658,,1.658
1786116482.607,S1,search,0,prior,0.0,,,,6.899,,6.899
1786116482.607,S2,recommend,0,prior,0.0,,,,0.975,,0.975
1786116482.607,S2,reserve,0,prior,0.0,,,,1.332,,1.332
1786116482.607,S2,search,0,prior,0.0,,,,4.287,,4.287
1786116482.607,S3,recommend,704,obs,0.9829,0.7039,1.349,33.5,1.0,1.349,1.349
1786116482.607,S3,reserve,348,obs,0.9828,0.8052,1.039,31.0,1.348,1.039,1.039
1786116482.607,S3,search,524,obs,0.9779,3.4868,4.508,38.4,4.019,4.508,4.508
1786116483.608,S1,recommend,0,prior,0.0,,,,1.24,,1.24
1786116483.608,S1,reserve,0,prior,0.0,,,,1.658,,1.658
1786116483.608,S1,search,0,prior,0.0,,,,6.899,,6.899
1786116483.608,S2,recommend,0,prior,0.0,,,,0.975,,0.975
1786116483.608,S2,reserve,0,prior,0.0,,,,1.332,,1.332
1786116483.608,S2,search,0,prior,0.0,,,,4.287,,4.287
1786116483.608,S3,recommend,702,obs,0.9829,0.6769,1.261,28.8,1.0,1.261,1.261
1786116483.608,S3,reserve,348,obs,0.9791,0.8244,1.105,41.3,1.348,1.105,1.105
1786116483.608,S3,search,528,obs,0.9816,3.4518,4.465,33.8,4.019,4.465,4.465
1786116484.608,S1,recommend,0,prior,0.0,,,,1.24,,1.24
1786116484.608,S1,reserve,0,prior,0.0,,,,1.658,,1.658
1786116484.608,S1,search,0,prior,0.0,,,,6.899,,6.899
1786116484.608,S2,recommend,0,prior,0.0,,,,0.975,,0.975
1786116484.608,S2,reserve,0,prior,0.0,,,,1.332,,1.332
1786116484.608,S2,search,0,prior,0.0,,,,4.287,,4.287
1786116484.608,S3,recommend,698,obs,0.9841,0.68,1.27,31.3,1.0,1.27,1.27
1786116484.608,S3,reserve,352,obs,0.9791,0.8226,1.035,36.3,1.348,1.035,1.035
1786116484.608,S3,search,526,obs,0.9791,3.4578,4.496,33.8,4.019,4.496,4.496
1786116485.608,S1,recommend,0,prior,0.0,,,,1.24,,1.24
1786116485.608,S1,reserve,0,prior,0.0,,,,1.658,,1.658
1786116485.608,S1,search,0,prior,0.0,,,,6.899,,6.899
1786116485.608,S2,recommend,0,prior,0.0,,,,0.975,,0.975
1786116485.608,S2,reserve,0,prior,0.0,,,,1.332,,1.332
1786116485.608,S2,search,0,prior,0.0,,,,4.287,,4.287
1786116485.608,S3,recommend,700,obs,0.9829,0.6866,1.325,33.8,1.0,1.325,1.325
1786116485.608,S3,reserve,354,obs,0.9791,0.8125,1.043,31.3,1.348,1.043,1.043
1786116485.608,S3,search,522,obs,0.9803,3.4435,4.457,36.3,4.019,4.457,4.457
1786116486.608,S1,recommend,0,prior,0.0,,,,1.24,,1.24
1786116486.608,S1,reserve,0,prior,0.0,,,,1.658,,1.658
1786116486.608,S1,search,0,prior,0.0,,,,6.899,,6.899
1786116486.608,S2,recommend,0,prior,0.0,,,,0.975,,0.975
1786116486.608,S2,reserve,0,prior,0.0,,,,1.332,,1.332
1786116486.608,S2,search,0,prior,0.0,,,,4.287,,4.287
1786116486.608,S3,recommend,704,obs,0.9829,0.6937,1.325,28.8,1.0,1.325,1.325
1786116486.608,S3,reserve,352,obs,0.9866,0.8142,1.059,26.3,1.348,1.059,1.059
1786116486.608,S3,search,524,obs,0.9828,3.4401,4.315,31.3,4.019,4.315,4.315
1786116487.607,S1,recommend,0,prior,0.0,,,,1.24,,1.24
1786116487.607,S1,reserve,0,prior,0.0,,,,1.658,,1.658
1786116487.607,S1,search,0,prior,0.0,,,,6.899,,6.899
1786116487.607,S2,recommend,0,prior,0.0,,,,0.975,,0.975
1786116487.607,S2,reserve,0,prior,0.0,,,,1.332,,1.332
1786116487.607,S2,search,0,prior,0.0,,,,4.287,,4.287
1786116487.607,S3,recommend,666,obs,0.9341,0.6937,1.332,128.4,1.0,1.332,1.332
1786116487.607,S3,reserve,332,obs,0.9304,0.815,1.053,133.5,1.348,1.053,1.053
1786116487.607,S3,search,500,obs,0.9338,3.5403,4.38,130.9,4.019,4.38,4.38
1786116488.608,S1,recommend,0,prior,0.0,,,,1.24,,1.24
1786116488.608,S1,reserve,0,prior,0.0,,,,1.658,,1.658
1786116488.608,S1,search,0,prior,0.0,,,,6.899,,6.899
1786116488.608,S2,recommend,0,prior,0.0,,,,0.975,,0.975
1786116488.608,S2,reserve,0,prior,0.0,,,,1.332,,1.332
1786116488.608,S2,search,0,prior,0.0,,,,4.287,,4.287
1786116488.608,S3,recommend,665,obs,0.9375,0.7048,1.384,124.6,1.0,1.384,1.384
1786116488.608,S3,reserve,336,obs,0.9341,0.8177,1.08,128.7,1.348,1.08,1.08
1786116488.608,S3,search,500,obs,0.9341,3.5564,4.585,126.3,4.019,4.585,4.585
1786116489.608,S1,recommend,0,prior,0.0,,,,1.24,,1.24
1786116489.608,S1,reserve,0,prior,0.0,,,,1.658,,1.658
1786116489.608,S1,search,0,prior,0.0,,,,6.899,,6.899
1786116489.608,S2,recommend,0,prior,0.0,,,,0.975,,0.975
1786116489.608,S2,reserve,0,prior,0.0,,,,1.332,,1.332
1786116489.608,S2,search,0,prior,0.0,,,,4.287,,4.287
1786116489.608,S3,recommend,668,obs,0.9354,0.7091,1.398,126.3,1.0,1.398,1.398
1786116489.608,S3,reserve,336,obs,0.9341,0.8219,1.031,123.8,1.348,1.031,1.031
1786116489.608,S3,search,498,obs,0.9354,3.4999,4.585,128.7,4.019,4.585,4.585
1786116490.607,S1,recommend,0,prior,0.0,,,,1.24,,1.24
1786116490.607,S1,reserve,0,prior,0.0,,,,1.658,,1.658
1786116490.607,S1,search,0,prior,0.0,,,,6.899,,6.899
1786116490.607,S2,recommend,0,prior,0.0,,,,0.975,,0.975
1786116490.607,S2,reserve,0,prior,0.0,,,,1.332,,1.332
1786116490.607,S2,search,0,prior,0.0,,,,4.287,,4.287
1786116490.607,S3,recommend,669,obs,0.9375,0.7269,1.457,121.7,1.0,1.457,1.457
1786116490.607,S3,reserve,332,obs,0.9303,0.828,1.065,125.9,1.348,1.065,1.065
1786116490.607,S3,search,501,obs,0.9375,3.5127,4.671,124.1,4.019,4.671,4.671
1786116491.608,S1,recommend,0,prior,0.0,,,,1.24,,1.24
1786116491.608,S1,reserve,0,prior,0.0,,,,1.658,,1.658
1786116491.608,S1,search,0,prior,0.0,,,,6.899,,6.899
1786116491.608,S2,recommend,0,prior,0.0,,,,0.975,,0.975
1786116491.608,S2,reserve,0,prior,0.0,,,,1.332,,1.332
1786116491.608,S2,search,0,prior,0.0,,,,4.287,,4.287
1786116491.608,S3,recommend,670,obs,0.9379,0.761,1.622,123.8,1.0,1.622,1.622
1786116491.608,S3,reserve,334,obs,0.9379,0.824,1.042,121.2,1.348,1.042,1.042
1786116491.608,S3,search,500,obs,0.9329,3.5919,4.854,128.8,4.019,4.854,4.854
1786116492.608,S1,recommend,0,prior,0.0,,,,1.24,,1.24
1786116492.608,S1,reserve,0,prior,0.0,,,,1.658,,1.658
1786116492.608,S1,search,0,prior,0.0,,,,6.899,,6.899
1786116492.608,S2,recommend,0,prior,0.0,,,,0.975,,0.975
1786116492.608,S2,reserve,0,prior,0.0,,,,1.332,,1.332
1786116492.608,S2,search,0,prior,0.0,,,,4.287,,4.287
1786116492.608,S3,recommend,666,obs,0.9366,0.7423,1.493,121.3,1.0,1.493,1.493
1786116492.608,S3,reserve,334,obs,0.9342,0.8571,1.225,131.2,1.348,1.225,1.225
1786116492.608,S3,search,504,obs,0.9366,3.5896,4.706,123.7,4.019,4.706,4.706
1786116493.607,S1,recommend,0,prior,0.0,,,,1.24,,1.24
1786116493.607,S1,reserve,0,prior,0.0,,,,1.658,,1.658
1786116493.607,S1,search,0,prior,0.0,,,,6.899,,6.899
1786116493.607,S2,recommend,0,prior,0.0,,,,0.975,,0.975
1786116493.607,S2,reserve,0,prior,0.0,,,,1.332,,1.332
1786116493.607,S2,search,0,prior,0.0,,,,4.287,,4.287
1786116493.607,S3,recommend,668,obs,0.9391,0.7113,1.386,121.0,1.0,1.386,1.386
1786116493.607,S3,reserve,337,obs,0.9375,0.8234,1.07,119.2,1.348,1.07,1.07
1786116493.607,S3,search,500,obs,0.9341,3.4989,4.622,123.4,4.019,4.622,4.622
1786116494.608,S1,recommend,0,prior,0.0,,,,1.24,,1.24
1786116494.608,S1,reserve,0,prior,0.0,,,,1.658,,1.658
1786116494.608,S1,search,0,prior,0.0,,,,6.899,,6.899
1786116494.608,S2,recommend,0,prior,0.0,,,,0.975,,0.975
1786116494.608,S2,reserve,0,prior,0.0,,,,1.332,,1.332
1786116494.608,S2,search,0,prior,0.0,,,,4.287,,4.287
1786116494.608,S3,recommend,672,obs,0.9404,0.6878,1.266,118.7,1.0,1.266,1.266
1786116494.608,S3,reserve,334,obs,0.9341,0.7967,1.021,121.3,1.348,1.021,1.021
1786116494.608,S3,search,500,obs,0.9353,3.4368,4.485,126.3,4.019,4.485,4.485
1786116495.608,S1,recommend,0,prior,0.0,,,,1.24,,1.24
1786116495.608,S1,reserve,0,prior,0.0,,,,1.658,,1.658
1786116495.608,S1,search,0,prior,0.0,,,,6.899,,6.899
1786116495.608,S2,recommend,0,prior,0.0,,,,0.975,,0.975
1786116495.608,S2,reserve,0,prior,0.0,,,,1.332,,1.332
1786116495.608,S2,search,0,prior,0.0,,,,4.287,,4.287
1786116495.608,S3,recommend,670,obs,0.9379,0.6919,1.296,118.7,1.0,1.296,1.296
1786116495.608,S3,reserve,334,obs,0.9379,0.8185,1.065,123.8,1.348,1.065,1.065
1786116495.608,S3,search,502,obs,0.9379,3.4591,4.495,121.3,4.019,4.495,4.495
1786116496.607,S1,recommend,0,prior,0.0,,,,1.24,,1.24
1786116496.607,S1,reserve,0,prior,0.0,,,,1.658,,1.658
1786116496.607,S1,search,0,prior,0.0,,,,6.899,,6.899
1786116496.607,S2,recommend,0,prior,0.0,,,,0.975,,0.975
1786116496.607,S2,reserve,0,prior,0.0,,,,1.332,,1.332
1786116496.607,S2,search,0,prior,0.0,,,,4.287,,4.287
1786116496.607,S3,recommend,670,obs,0.9378,0.6919,1.327,120.9,1.0,1.327,1.327
1786116496.607,S3,reserve,334,obs,0.9379,0.827,1.132,118.4,1.348,1.132,1.132
1786116496.607,S3,search,502,obs,0.9366,3.4794,4.628,125.9,4.019,4.628,4.628
1786116497.608,S1,recommend,0,prior,0.0,,,,1.24,,1.24
1786116497.608,S1,reserve,0,prior,0.0,,,,1.658,,1.658
1786116497.608,S1,search,0,prior,0.0,,,,6.899,,6.899
1786116497.608,S2,recommend,0,prior,0.0,,,,0.975,,0.975
1786116497.608,S2,reserve,0,prior,0.0,,,,1.332,,1.332
1786116497.608,S2,search,0,prior,0.0,,,,4.287,,4.287
1786116497.608,S3,recommend,668,obs,0.9416,0.7313,1.408,116.3,1.0,1.408,1.408
1786116497.608,S3,reserve,338,obs,0.9416,0.8099,1.014,113.7,1.348,1.014,1.014
1786116497.608,S3,search,504,obs,0.9379,3.5838,4.627,118.7,4.019,4.627,4.627
1786116498.608,S1,recommend,0,prior,0.0,,,,1.24,,1.24
1786116498.608,S1,reserve,0,prior,0.0,,,,1.658,,1.658
1786116498.608,S1,search,0,prior,0.0,,,,6.899,,6.899
1786116498.608,S2,recommend,0,prior,0.0,,,,0.975,,0.975
1786116498.608,S2,reserve,0,prior,0.0,,,,1.332,,1.332
1786116498.608,S2,search,0,prior,0.0,,,,4.287,,4.287
1786116498.608,S3,recommend,670,obs,0.9391,0.7185,1.424,118.7,1.0,1.424,1.424
1786116498.608,S3,reserve,338,obs,0.9378,0.8305,1.103,116.2,1.348,1.103,1.103
1786116498.608,S3,search,500,obs,0.9391,3.567,4.498,121.3,4.019,4.498,4.498
1786116499.608,S1,recommend,0,prior,0.0,,,,1.24,,1.24
1786116499.608,S1,reserve,0,prior,0.0,,,,1.658,,1.658
1786116499.608,S1,search,0,prior,0.0,,,,6.899,,6.899
1786116499.608,S2,recommend,0,prior,0.0,,,,0.975,,0.975
1786116499.608,S2,reserve,0,prior,0.0,,,,1.332,,1.332
1786116499.608,S2,search,0,prior,0.0,,,,4.287,,4.287
1786116499.608,S3,recommend,674,obs,0.9416,0.6978,1.334,113.7,1.0,1.334,1.334
1786116499.608,S3,reserve,333,obs,0.9375,0.828,1.08,112.0,1.348,1.08,1.08
1786116499.608,S3,search,504,obs,0.9404,3.4565,4.497,118.8,4.019,4.497,4.497
1786116500.608,S1,recommend,0,prior,0.0,,,,1.24,,1.24
1786116500.608,S1,reserve,0,prior,0.0,,,,1.658,,1.658
1786116500.608,S1,search,0,prior,0.0,,,,6.899,,6.899
1786116500.608,S2,recommend,0,prior,0.0,,,,0.975,,0.975
1786116500.608,S2,reserve,0,prior,0.0,,,,1.332,,1.332
1786116500.608,S2,search,0,prior,0.0,,,,4.287,,4.287
1786116500.608,S3,recommend,674,obs,0.9437,0.7158,1.354,111.2,1.0,1.354,1.354
1786116500.608,S3,reserve,334,obs,0.9379,0.8047,1.008,121.2,1.348,1.008,1.008
1786116500.608,S3,search,504,obs,0.9404,3.5081,4.651,113.7,4.019,4.651,4.651
1786116501.608,S1,recommend,0,prior,0.0,,,,1.24,,1.24
1786116501.608,S1,reserve,0,prior,0.0,,,,1.658,,1.658
1786116501.608,S1,search,0,prior,0.0,,,,6.899,,6.899
1786116501.608,S2,recommend,0,prior,0.0,,,,0.975,,0.975
1786116501.608,S2,reserve,0,prior,0.0,,,,1.332,,1.332
1786116501.608,S2,search,0,prior,0.0,,,,4.287,,4.287
1786116501.608,S3,recommend,670,obs,0.9416,0.7118,1.424,111.2,1.0,1.424,1.424
1786116501.608,S3,reserve,336,obs,0.9416,0.8203,1.029,116.2,1.348,1.029,1.029
1786116501.608,S3,search,506,obs,0.9416,3.5018,4.571,113.7,4.019,4.571,4.571
1786116502.608,S1,recommend,0,prior,0.0,,,,1.24,,1.24
1786116502.608,S1,reserve,0,prior,0.0,,,,1.658,,1.658
1786116502.608,S1,search,0,prior,0.0,,,,6.899,,6.899
1786116502.608,S2,recommend,0,prior,0.0,,,,0.975,,0.975
1786116502.608,S2,reserve,0,prior,0.0,,,,1.332,,1.332
1786116502.608,S2,search,0,prior,0.0,,,,4.287,,4.287
1786116502.608,S3,recommend,670,obs,0.9429,0.7366,1.524,113.7,1.0,1.524,1.524
1786116502.608,S3,reserve,340,obs,0.9417,0.8314,1.21,111.2,1.348,1.21,1.21
1786116502.608,S3,search,502,obs,0.9378,3.5208,4.506,116.2,4.019,4.506,4.506
1786116503.608,S1,recommend,0,prior,0.0,,,,1.24,,1.24
1786116503.608,S1,reserve,0,prior,0.0,,,,1.658,,1.658
1786116503.608,S1,search,0,prior,0.0,,,,6.899,,6.899
1786116503.608,S2,recommend,0,prior,0.0,,,,0.975,,0.975
1786116503.608,S2,reserve,0,prior,0.0,,,,1.332,,1.332
1786116503.608,S2,search,0,prior,0.0,,,,4.287,,4.287
1786116503.608,S3,recommend,676,obs,0.9454,0.743,1.499,108.7,1.0,1.499,1.499
1786116503.608,S3,reserve,337,obs,0.9412,0.8368,1.231,107.0,1.348,1.231,1.231
1786116503.608,S3,search,502,obs,0.9429,3.5625,4.791,111.2,4.019,4.791,4.791
1786116504.607,S1,recommend,0,prior,0.0,,,,1.24,,1.24
1786116504.607,S1,reserve,0,prior,0.0,,,,1.658,,1.658
1786116504.607,S1,search,0,prior,0.0,,,,6.899,,6.899
1786116504.607,S2,recommend,0,prior,0.0,,,,0.975,,0.975
1786116504.607,S2,reserve,0,prior,0.0,,,,1.332,,1.332
1786116504.607,S2,search,0,prior,0.0,,,,4.287,,4.287
1786116504.607,S3,recommend,674,obs,0.9416,0.7042,1.431,110.9,1.0,1.431,1.431
1786116504.607,S3,reserve,336,obs,0.9454,0.8214,1.139,108.4,1.348,1.139,1.139
1786116504.607,S3,search,504,obs,0.9403,3.4652,4.413,115.9,4.019,4.413,4.413
1786116505.608,S1,recommend,0,prior,0.0,,,,1.24,,1.24
1786116505.608,S1,reserve,0,prior,0.0,,,,1.658,,1.658
1786116505.608,S1,search,0,prior,0.0,,,,6.899,,6.899
1786116505.608,S2,recommend,0,prior,0.0,,,,0.975,,0.975
1786116505.608,S2,reserve,0,prior,0.0,,,,1.332,,1.332
1786116505.608,S2,search,0,prior,0.0,,,,4.287,,4.287
1786116505.608,S3,recommend,676,obs,0.945,0.6856,1.345,106.2,1.0,1.345,1.345
1786116505.608,S3,reserve,335,obs,0.945,0.7978,0.952,104.5,1.348,0.952,0.952
1786116505.608,S3,search,506,obs,0.9442,3.4344,4.442,111.2,4.019,4.442,4.442
1786116506.607,S1,recommend,0,prior,0.0,,,,1.24,,1.24
1786116506.607,S1,reserve,0,prior,0.0,,,,1.658,,1.658
1786116506.607,S1,search,0,prior,0.0,,,,6.899,,6.899
1786116506.607,S2,recommend,0,prior,0.0,,,,0.975,,0.975
1786116506.607,S2,reserve,0,prior,0.0,,,,1.332,,1.332
1786116506.607,S2,search,0,prior,0.0,,,,4.287,,4.287
1786116506.607,S3,recommend,672,obs,0.9479,0.6957,1.339,103.7,1.0,1.339,1.339
1786116506.607,S3,reserve,338,obs,0.9416,0.8006,0.993,113.7,1.348,0.993,0.993
1786116506.607,S3,search,508,obs,0.9441,3.468,4.515,106.2,4.019,4.515,4.515
1786116507.608,S1,recommend,0,prior,0.0,,,,1.24,,1.24
1786116507.608,S1,reserve,0,prior,0.0,,,,1.658,,1.658
1786116507.608,S1,search,0,prior,0.0,,,,6.899,,6.899
1786116507.608,S2,recommend,0,prior,0.0,,,,0.975,,0.975
1786116507.608,S2,reserve,0,prior,0.0,,,,1.332,,1.332
1786116507.608,S2,search,0,prior,0.0,,,,4.287,,4.287
1786116507.608,S3,recommend,674,obs,0.9466,0.6995,1.462,103.7,1.0,1.462,1.462
1786116507.608,S3,reserve,340,obs,0.9416,0.9361,1.001,108.7,1.348,1.001,1.001
1786116507.608,S3,search,504,obs,0.9466,3.5497,4.568,106.2,4.019,4.568,4.568
1786116508.608,S1,recommend,0,prior,0.0,,,,1.24,,1.24
1786116508.608,S1,reserve,0,prior,0.0,,,,1.658,,1.658
1786116508.608,S1,search,0,prior,0.0,,,,6.899,,6.899
1786116508.608,S2,recommend,0,prior,0.0,,,,0.975,,0.975
1786116508.608,S2,reserve,0,prior,0.0,,,,1.332,,1.332
1786116508.608,S2,search,0,prior,0.0,,,,4.287,,4.287
1786116508.608,S3,recommend,676,obs,0.9454,0.7128,1.471,106.2,1.0,1.471,1.471
1786116508.608,S3,reserve,336,obs,0.9416,0.9406,1.012,103.7,1.348,1.012,1.012
1786116508.608,S3,search,506,obs,0.945,3.5574,4.567,108.7,4.019,4.567,4.567
1786116509.607,S1,recommend,0,prior,0.0,,,,1.24,,1.24
1786116509.607,S1,reserve,0,prior,0.0,,,,1.658,,1.658
1786116509.607,S1,search,0,prior,0.0,,,,6.899,,6.899
1786116509.607,S2,recommend,0,prior,0.0,,,,0.975,,0.975
1786116509.607,S2,reserve,0,prior,0.0,,,,1.332,,1.332
1786116509.607,S2,search,0,prior,0.0,,,,4.287,,4.287
1786116509.607,S3,recommend,678,obs,0.9491,0.711,1.381,100.9,1.0,1.381,1.381
1786116509.607,S3,reserve,336,obs,0.9454,0.8055,1.009,105.9,1.348,1.009,1.009
1786116509.607,S3,search,506,obs,0.9454,3.4491,4.406,103.4,4.019,4.406,4.406
1786116510.607,S1,recommend,0,prior,0.0,,,,1.24,,1.24
1786116510.607,S1,reserve,0,prior,0.0,,,,1.658,,1.658
1786116510.607,S1,search,0,prior,0.0,,,,6.899,,6.899
1786116510.607,S2,recommend,0,prior,0.0,,,,0.975,,0.975
1786116510.607,S2,reserve,0,prior,0.0,,,,1.332,,1.332
1786116510.607,S2,search,0,prior,0.0,,,,4.287,,4.287
1786116510.607,S3,recommend,674,obs,0.9454,0.7094,1.351,103.7,1.0,1.351,1.351
1786116510.607,S3,reserve,338,obs,0.9491,0.8112,1.01,101.2,1.348,1.01,1.01
1786116510.607,S3,search,508,obs,0.9441,3.4419,4.407,108.7,4.019,4.407,4.407
1786116511.607,S1,recommend,0,prior,0.0,,,,1.24,,1.24
1786116511.607,S1,reserve,0,prior,0.0,,,,1.658,,1.658
1786116511.607,S1,search,0,prior,0.0,,,,6.899,,6.899
1786116511.607,S2,recommend,0,prior,0.0,,,,0.975,,0.975
1786116511.607,S2,reserve,0,prior,0.0,,,,1.332,,1.332
1786116511.607,S2,search,0,prior,0.0,,,,4.287,,4.287
1786116511.607,S3,recommend,676,obs,0.9504,0.6976,1.371,98.7,1.0,1.371,1.371
1786116511.607,S3,reserve,340,obs,0.9416,0.8105,1.019,111.2,1.348,1.019,1.019
1786116511.607,S3,search,506,obs,0.9441,3.4484,4.36,103.7,4.019,4.36,4.36
1786116512.607,S1,recommend,0,prior,0.0,,,,1.24,,1.24
1786116512.607,S1,reserve,0,prior,0.0,,,,1.658,,1.658
1786116512.607,S1,search,0,prior,0.0,,,,6.899,,6.899
1786116512.607,S2,recommend,0,prior,0.0,,,,0.975,,0.975
1786116512.607,S2,reserve,0,prior,0.0,,,,1.332,,1.332
1786116512.607,S2,search,0,prior,0.0,,,,4.287,,4.287
1786116512.607,S3,recommend,680,obs,0.9516,0.6981,1.397,96.2,1.0,1.397,1.397
1786116512.607,S3,reserve,338,obs,0.9416,0.7949,1.007,106.2,1.348,1.007,1.007
1786116512.607,S3,search,506,obs,0.9491,3.4673,4.478,98.7,4.019,4.478,4.478
1786116513.607,S1,recommend,0,prior,0.0,,,,1.24,,1.24
1786116513.607,S1,reserve,0,prior,0.0,,,,1.658,,1.658
1786116513.607,S1,search,0,prior,0.0,,,,6.899,,6.899
1786116513.607,S2,recommend,0,prior,0.0,,,,0.975,,0.975
1786116513.607,S2,reserve,0,prior,0.0,,,,1.332,,1.332
1786116513.607,S2,search,0,prior,0.0,,,,4.287,,4.287
1786116513.607,S3,recommend,678,obs,0.9491,0.7024,1.387,96.2,1.0,1.387,1.387
1786116513.607,S3,reserve,338,obs,0.9491,0.7923,0.965,101.2,1.348,0.965,0.965
1786116513.607,S3,search,508,obs,0.9491,3.4397,4.447,98.7,4.019,4.447,4.447
1786116514.607,S1,recommend,0,prior,0.0,,,,1.24,,1.24
1786116514.607,S1,reserve,0,prior,0.0,,,,1.658,,1.658
1786116514.607,S1,search,0,prior,0.0,,,,6.899,,6.899
1786116514.607,S2,recommend,0,prior,0.0,,,,0.975,,0.975
1786116514.607,S2,reserve,0,prior,0.0,,,,1.332,,1.332
1786116514.607,S2,search,0,prior,0.0,,,,4.287,,4.287
1786116514.607,S3,recommend,678,obs,0.9491,0.6945,1.405,98.7,1.0,1.405,1.405
1786116514.607,S3,reserve,338,obs,0.9491,0.8046,1.047,96.2,1.348,1.047,1.047
1786116514.607,S3,search,508,obs,0.9491,3.4388,4.397,101.2,4.019,4.397,4.397
1786116515.607,S1,recommend,0,prior,0.0,,,,1.24,,1.24
1786116515.607,S1,reserve,0,prior,0.0,,,,1.658,,1.658
1786116515.607,S1,search,0,prior,0.0,,,,6.899,,6.899
1786116515.607,S2,recommend,0,prior,0.0,,,,0.975,,0.975
1786116515.607,S2,reserve,0,prior,0.0,,,,1.332,,1.332
1786116515.607,S2,search,0,prior,0.0,,,,4.287,,4.287
1786116515.607,S3,recommend,676,obs,0.9529,0.7047,1.411,93.6,1.0,1.411,1.411
1786116515.607,S3,reserve,340,obs,0.9491,0.7954,1.03,98.7,1.348,1.03,1.03
1786116515.607,S3,search,510,obs,0.9491,3.4323,4.396,96.2,4.019,4.396,4.396
1786116516.607,S1,recommend,0,prior,0.0,,,,1.24,,1.24
1786116516.607,S1,reserve,0,prior,0.0,,,,1.658,,1.658
1786116516.607,S1,search,0,prior,0.0,,,,6.899,,6.899
1786116516.607,S2,recommend,0,prior,0.0,,,,0.975,,0.975
1786116516.607,S2,reserve,0,prior,0.0,,,,1.332,,1.332
1786116516.607,S2,search,0,prior,0.0,,,,4.287,,4.287
1786116516.607,S3,recommend,678,obs,0.9504,0.7166,1.403,96.1,1.0,1.403,1.403
1786116516.607,S3,reserve,342,obs,0.9491,0.8228,1.116,93.6,1.348,1.116,1.116
1786116516.607,S3,search,506,obs,0.9487,3.4689,4.537,101.2,4.019,4.537,4.537
1786116517.607,S1,recommend,0,prior,0.0,,,,1.24,,1.24
1786116517.607,S1,reserve,0,prior,0.0,,,,1.658,,1.658
1786116517.607,S1,search,0,prior,0.0,,,,6.899,,6.899
1786116517.607,S2,recommend,0,prior,0.0,,,,0.975,,0.975
1786116517.607,S2,reserve,0,prior,0.0,,,,1.332,,1.332
1786116517.607,S2,search,0,prior,0.0,,,,4.287,,4.287
1786116517.607,S3,recommend,682,obs,0.9529,0.806,1.424,91.1,1.0,1.424,1.424
1786116517.607,S3,reserve,336,obs,0.9416,0.9,1.202,103.6,1.348,1.202,1.202
1786116517.607,S3,search,510,obs,0.9516,3.6124,4.735,96.1,4.019,4.735,4.735
1786116518.607,S1,recommend,0,prior,0.0,,,,1.24,,1.24
1786116518.607,S1,reserve,0,prior,0.0,,,,1.658,,1.658
1786116518.607,S1,search,0,prior,0.0,,,,6.899,,6.899
1786116518.607,S2,recommend,0,prior,0.0,,,,0.975,,0.975
1786116518.607,S2,reserve,0,prior,0.0,,,,1.332,,1.332
1786116518.607,S2,search,0,prior,0.0,,,,4.287,,4.287
1786116518.607,S3,recommend,682,obs,0.9554,0.7932,1.415,88.7,1.0,1.415,1.415
1786116518.607,S3,reserve,338,obs,0.9491,0.8595,1.001,98.7,1.348,1.001,1.001
1786116518.607,S3,search,509,obs,0.9513,3.5844,4.614,91.8,4.019,4.614,4.614
1786116519.607,S1,recommend,0,prior,0.0,,,,1.24,,1.24
1786116519.607,S1,reserve,0,prior,0.0,,,,1.658,,1.658
1786116519.607,S1,search,0,prior,0.0,,,,6.899,,6.899
1786116519.607,S2,recommend,0,prior,0.0,,,,0.975,,0.975
1786116519.607,S2,reserve,0,prior,0.0,,,,1.332,,1.332
1786116519.607,S2,search,0,prior,0.0,,,,4.287,,4.287
1786116519.607,S3,recommend,678,obs,0.9529,0.6903,1.302,88.7,1.0,1.302,1.302
1786116519.607,S3,reserve,340,obs,0.9529,0.8143,1.01,93.7,1.348,1.01,1.01
1786116519.607,S3,search,512,obs,0.9529,3.4467,4.506,91.2,4.019,4.506,4.506
1786116520.607,S1,recommend,0,prior,0.0,,,,1.24,,1.24
1786116520.607,S1,reserve,0,prior,0.0,,,,1.658,,1.658
1786116520.607,S1,search,0,prior,0.0,,,,6.899,,6.899
1786116520.607,S2,recommend,0,prior,0.0,,,,0.975,,0.975
1786116520.607,S2,reserve,0,prior,0.0,,,,1.332,,1.332
1786116520.607,S2,search,0,prior,0.0,,,,4.287,,4.287
1786116520.607,S3,recommend,678,obs,0.9541,0.6894,1.327,91.2,1.0,1.327,1.327
1786116520.607,S3,reserve,344,obs,0.9529,0.8271,1.093,88.7,1.348,1.093,1.093
1786116520.607,S3,search,508,obs,0.9491,3.4404,4.345,93.6,4.019,4.345,4.345
1786116521.607,S1,recommend,0,prior,0.0,,,,1.24,,1.24
1786116521.607,S1,reserve,0,prior,0.0,,,,1.658,,1.658
1786116521.607,S1,search,0,prior,0.0,,,,6.899,,6.899
1786116521.607,S2,recommend,0,prior,0.0,,,,0.975,,0.975
1786116521.607,S2,reserve,0,prior,0.0,,,,1.332,,1.332
1786116521.607,S2,search,0,prior,0.0,,,,4.287,,4.287
1786116521.607,S3,recommend,683,obs,0.9562,0.7117,1.359,86.9,1.0,1.359,1.359
1786116521.607,S3,reserve,340,obs,0.9491,0.8144,1.092,91.2,1.348,1.092,1.092
1786116521.607,S3,search,507,obs,0.9537,3.4244,4.282,89.3,4.019,4.282,4.282
1786116522.607,S1,recommend,0,prior,0.0,,,,1.24,,1.24
1786116522.607,S1,reserve,0,prior,0.0,,,,1.658,,1.658
1786116522.607,S1,search,0,prior,0.0,,,,6.899,,6.899
1786116522.607,S2,recommend,0,prior,0.0,,,,0.975,,0.975
1786116522.607,S2,reserve,0,prior,0.0,,,,1.332,,1.332
1786116522.607,S2,search,0,prior,0.0,,,,4.287,,4.287
1786116522.607,S3,recommend,682,obs,0.9529,0.7126,1.367,88.7,1.0,1.367,1.367
1786116522.607,S3,reserve,340,obs,0.9566,0.8071,1.034,86.2,1.348,1.034,1.034
1786116522.607,S3,search,510,obs,0.9516,3.4417,4.507,93.7,4.019,4.507,4.507
1786116523.607,S1,recommend,0,prior,0.0,,,,1.24,,1.24
1786116523.607,S1,reserve,0,prior,0.0,,,,1.658,,1.658
1786116523.607,S1,search,0,prior,0.0,,,,6.899,,6.899
1786116523.607,S2,recommend,0,prior,0.0,,,,0.975,,0.975
1786116523.607,S2,reserve,0,prior,0.0,,,,1.332,,1.332
1786116523.607,S2,search,0,prior,0.0,,,,4.287,,4.287
1786116523.607,S3,recommend,684,obs,0.9563,0.6921,1.344,83.7,1.0,1.344,1.344
1786116523.607,S3,reserve,338,obs,0.9491,0.7922,0.963,96.1,1.348,0.963,0.963
1786116523.607,S3,search,512,obs,0.9554,3.4833,4.807,88.6,4.019,4.807,4.807
1786116524.607,S1,recommend,0,prior,0.0,,,,1.24,,1.24
1786116524.607,S1,reserve,0,prior,0.0,,,,1.658,,1.658
1786116524.607,S1,search,0,prior,0.0,,,,6.899,,6.899
1786116524.607,S2,recommend,0,prior,0.0,,,,0.975,,0.975
1786116524.607,S2,reserve,0,prior,0.0,,,,1.332,,1.332
1786116524.607,S2,search,0,prior,0.0,,,,4.287,,4.287
1786116524.607,S3,recommend,679,obs,0.9587,0.699,1.33,81.9,1.0,1.33,1.33
1786116524.607,S3,reserve,342,obs,0.9529,0.7907,0.941,91.1,1.348,0.941,0.941
1786116524.607,S3,search,512,obs,0.9529,3.4788,4.517,88.7,4.019,4.517,4.517
1786116525.607,S1,recommend,0,prior,0.0,,,,1.24,,1.24
1786116525.607,S1,reserve,0,prior,0.0,,,,1.658,,1.658
1786116525.607,S1,search,0,prior,0.0,,,,6.899,,6.899
1786116525.607,S2,recommend,0,prior,0.0,,,,0.975,,0.975
1786116525.607,S2,reserve,0,prior,0.0,,,,1.332,,1.332
1786116525.607,S2,search,0,prior,0.0,,,,4.287,,4.287
1786116525.607,S3,recommend,682,obs,0.9579,0.6966,1.305,81.1,1.0,1.305,1.305
1786116525.607,S3,reserve,344,obs,0.9529,0.8141,0.999,86.2,1.348,0.999,0.999
1786116525.607,S3,search,510,obs,0.9579,3.4814,4.453,83.7,4.019,4.453,4.453
1786116526.607,S1,recommend,0,prior,0.0,,,,1.24,,1.24
1786116526.607,S1,reserve,0,prior,0.0,,,,1.658,,1.658
1786116526.607,S1,search,0,prior,0.0,,,,6.899,,6.899
1786116526.607,S2,recommend,0,prior,0.0,,,,0.975,,0.975
1786116526.607,S2,reserve,0,prior,0.0,,,,1.332,,1.332
1786116526.607,S2,search,0,prior,0.0,,,,4.287,,4.287
1786116526.607,S3,recommend,686,obs,0.9591,0.7136,1.382,78.6,1.0,1.382,1.382
1786116526.607,S3,reserve,340,obs,0.9528,0.8244,1.098,81.1,1.348,1.098,1.098
1786116526.607,S3,search,512,obs,0.9566,3.5057,4.573,86.1,4.019,4.573,4.573
1786116527.607,S1,recommend,0,prior,0.0,,,,1.24,,1.24
1786116527.607,S1,reserve,0,prior,0.0,,,,1.658,,1.658
1786116527.607,S1,search,0,prior,0.0,,,,6.899,,6.899
1786116527.607,S2,recommend,0,prior,0.0,,,,0.975,,0.975
1786116527.607,S2,reserve,0,prior,0.0,,,,1.332,,1.332
1786116527.607,S2,search,0,prior,0.0,,,,4.287,,4.287
1786116527.607,S3,recommend,686,obs,0.9604,0.7909,1.481,78.6,1.0,1.481,1.481
1786116527.607,S3,reserve,340,obs,0.9566,0.8346,1.164,83.6,1.348,1.164,1.164
1786116527.607,S3,search,512,obs,0.9566,3.5632,4.52,81.1,4.019,4.52,4.52
1786116528.607,S1,recommend,0,prior,0.0,,,,1.24,,1.24
1786116528.607,S1,reserve,0,prior,0.0,,,,1.658,,1.658
1786116528.607,S1,search,0,prior,0.0,,,,6.899,,6.899
1786116528.607,S2,recommend,0,prior,0.0,,,,0.975,,0.975
1786116528.607,S2,reserve,0,prior,0.0,,,,1.332,,1.332
1786116528.607,S2,search,0,prior,0.0,,,,4.287,,4.287
1786116528.607,S3,recommend,682,obs,0.9566,0.7601,1.374,81.1,1.0,1.374,1.374
1786116528.607,S3,reserve,342,obs,0.9604,0.8536,1.168,78.6,1.348,1.168,1.168
1786116528.607,S3,search,514,obs,0.9554,3.5333,4.39,86.1,4.019,4.39,4.39
1786116529.607,S1,recommend,0,prior,0.0,,,,1.24,,1.24
1786116529.607,S1,reserve,0,prior,0.0,,,,1.658,,1.658
1786116529.607,S1,search,0,prior,0.0,,,,6.899,,6.899
1786116529.607,S2,recommend,0,prior,0.0,,,,0.975,,0.975
1786116529.607,S2,reserve,0,prior,0.0,,,,1.332,,1.332
1786116529.607,S2,search,0,prior,0.0,,,,4.287,,4.287
1786116529.607,S3,recommend,682,obs,0.9617,0.6869,1.253,76.1,1.0,1.253,1.253
1786116529.607,S3,reserve,344,obs,0.9529,0.8276,1.041,88.6,1.348,1.041,1.041
1786116529.607,S3,search,514,obs,0.9566,3.4852,4.469,78.6,4.019,4.469,4.469
1786116530.607,S1,recommend,0,prior,0.0,,,,1.24,,1.24
1786116530.607,S1,reserve,0,prior,0.0,,,,1.658,,1.658
1786116530.607,S1,search,0,prior,0.0,,,,6.899,,6.899
1786116530.607,S2,recommend,0,prior,0.0,,,,0.975,,0.975
1786116530.607,S2,reserve,0,prior,0.0,,,,1.332,,1.332
1786116530.607,S2,search,0,prior,0.0,,,,4.287,,4.287
1786116530.607,S3,recommend,686,obs,0.9604,0.7184,1.317,78.6,1.0,1.317,1.317
1786116530.607,S3,reserve,344,obs,0.9566,0.8248,1.112,76.1,1.348,1.112,1.112
1786116530.607,S3,search,510,obs,0.9575,3.5267,4.696,81.1,4.019,4.696,4.696
1786116531.607,S1,recommend,0,prior,0.0,,,,1.24,,1.24
1786116531.607,S1,reserve,0,prior,0.0,,,,1.658,,1.658
1786116531.607,S1,search,0,prior,0.0,,,,6.899,,6.899
1786116531.607,S2,recommend,0,prior,0.0,,,,0.975,,0.975
1786116531.607,S2,reserve,0,prior,0.0,,,,1.332,,1.332
1786116531.607,S2,search,0,prior,0.0,,,,4.287,,4.287
1786116531.607,S3,recommend,688,obs,0.9604,0.7206,1.414,73.6,1.0,1.414,1.414
1786116531.607,S3,reserve,340,obs,0.9566,0.8198,1.071,86.1,1.348,1.071,1.071
1786116531.607,S3,search,514,obs,0.9591,3.497,4.637,78.6,4.019,4.637,4.637
1786116532.607,S1,recommend,0,prior,0.0,,,,1.24,,1.24
1786116532.607,S1,reserve,0,prior,0.0,,,,1.658,,1.658
1786116532.607,S1,search,0,prior,0.0,,,,6.899,,6.899
1786116532.607,S2,recommend,0,prior,0.0,,,,0.975,,0.975
1786116532.607,S2,reserve,0,prior,0.0,,,,1.332,,1.332
1786116532.607,S2,search,0,prior,0.0,,,,4.287,,4.287
1786116532.607,S3,recommend,686,obs,0.9604,0.7068,1.389,76.1,1.0,1.389,1.389
1786116532.607,S3,reserve,340,obs,0.9566,0.808,1.017,81.1,1.348,1.017,1.017
1786116532.607,S3,search,514,obs,0.9604,3.5233,4.631,78.6,4.019,4.631,4.631
1786116533.607,S1,recommend,0,prior,0.0,,,,1.24,,1.24
1786116533.607,S1,reserve,0,prior,0.0,,,,1.658,,1.658
1786116533.607,S1,search,0,prior,0.0,,,,6.899,,6.899
1786116533.607,S2,recommend,0,prior,0.0,,,,0.975,,0.975
1786116533.607,S2,reserve,0,prior,0.0,,,,1.332,,1.332
1786116533.607,S2,search,0,prior,0.0,,,,4.287,,4.287
1786116533.607,S3,recommend,683,obs,0.9637,0.718,1.431,71.9,1.0,1.431,1.431
1786116533.607,S3,reserve,344,obs,0.9603,0.8139,1.033,76.1,1.348,1.033,1.033
1786116533.607,S3,search,515,obs,0.96,3.5382,4.71,74.3,4.019,4.71,4.71
1786116534.607,S1,recommend,0,prior,0.0,,,,1.24,,1.24
1786116534.607,S1,reserve,0,prior,0.0,,,,1.658,,1.658
1786116534.607,S1,search,0,prior,0.0,,,,6.899,,6.899
1786116534.607,S2,recommend,0,prior,0.0,,,,0.975,,0.975
1786116534.607,S2,reserve,0,prior,0.0,,,,1.332,,1.332
1786116534.607,S2,search,0,prior,0.0,,,,4.287,,4.287
1786116534.607,S3,recommend,684,obs,0.9616,0.7095,1.37,73.6,1.0,1.37,1.37
1786116534.607,S3,reserve,348,obs,0.9603,0.8238,1.033,71.1,1.348,1.033,1.033
1786116534.607,S3,search,512,obs,0.9616,3.5005,4.624,76.1,4.019,4.624,4.624
1786116535.607,S1,recommend,0,prior,0.0,,,,1.24,,1.24
1786116535.607,S1,reserve,0,prior,0.0,,,,1.658,,1.658
1786116535.607,S1,search,0,prior,0.0,,,,6.899,,6.899
1786116535.607,S2,recommend,0,prior,0.0,,,,0.975,,0.975
1786116535.607,S2,reserve,0,prior,0.0,,,,1.332,,1.332
1786116535.607,S2,search,0,prior,0.0,,,,4.287,,4.287
1786116535.607,S3,recommend,689,obs,0.9638,0.7414,1.476,69.3,1.0,1.476,1.476
1786116535.607,S3,reserve,342,obs,0.9566,0.8245,1.028,73.6,1.348,1.028,1.028
1786116535.607,S3,search,512,obs,0.9566,3.5526,4.684,86.1,4.019,4.684,4.684
1786116536.607,S1,recommend,0,prior,0.0,,,,1.24,,1.24
1786116536.607,S1,reserve,0,prior,0.0,,,,1.658,,1.658
1786116536.607,S1,search,0,prior,0.0,,,,6.899,,6.899
1786116536.607,S2,recommend,0,prior,0.0,,,,0.975,,0.975
1786116536.607,S2,reserve,0,prior,0.0,,,,1.332,,1.332
1786116536.607,S2,search,0,prior,0.0,,,,4.287,,4.287
1786116536.607,S3,recommend,690,obs,0.9641,0.7433,1.477,71.1,1.0,1.477,1.477
1786116536.607,S3,reserve,342,obs,0.9642,0.813,1.028,68.6,1.348,1.028,1.028
1786116536.607,S3,search,514,obs,0.9592,3.5472,4.699,76.1,4.019,4.699,4.699
1786116537.607,S1,recommend,0,prior,0.0,,,,1.24,,1.24
1786116537.607,S1,reserve,0,prior,0.0,,,,1.658,,1.658
1786116537.607,S1,search,0,prior,0.0,,,,6.899,,6.899
1786116537.607,S2,recommend,0,prior,0.0,,,,0.975,,0.975
1786116537.607,S2,reserve,0,prior,0.0,,,,1.332,,1.332
1786116537.607,S2,search,0,prior,0.0,,,,4.287,,4.287
1786116537.607,S3,recommend,687,obs,0.9638,0.7241,1.379,66.9,1.0,1.379,1.379
1786116537.607,S3,reserve,342,obs,0.9604,0.8833,1.024,78.6,1.348,1.024,1.024
1786116537.607,S3,search,518,obs,0.9628,3.5351,4.516,71.1,4.019,4.516,4.516
1786116538.607,S1,recommend,0,prior,0.0,,,,1.24,,1.24
1786116538.607,S1,reserve,0,prior,0.0,,,,1.658,,1.658
1786116538.607,S1,search,0,prior,0.0,,,,6.899,,6.899
1786116538.607,S2,recommend,0,prior,0.0,,,,0.975,,0.975
1786116538.607,S2,reserve,0,prior,0.0,,,,1.332,,1.332
1786116538.607,S2,search,0,prior,0.0,,,,4.287,,4.287
1786116538.607,S3,recommend,684,obs,0.9654,0.7187,1.391,68.6,1.0,1.391,1.391
1786116538.607,S3,reserve,346,obs,0.9604,0.8906,1.167,73.6,1.348,1.167,1.167
1786116538.607,S3,search,516,obs,0.9604,3.526,4.452,71.1,4.019,4.452,4.452
1786116539.607,S1,recommend,0,prior,0.0,,,,1.24,,1.24
1786116539.607,S1,reserve,0,prior,0.0,,,,1.658,,1.658
1786116539.607,S1,search,0,prior,0.0,,,,6.899,,6.899
1786116539.607,S2,recommend,0,prior,0.0,,,,0.975,,0.975
1786116539.607,S2,reserve,0,prior,0.0,,,,1.332,,1.332
1786116539.607,S2,search,0,prior,0.0,,,,4.287,,4.287
1786116539.607,S3,recommend,688,obs,0.9641,0.7019,1.388,71.1,1.0,1.388,1.388
1786116539.607,S3,reserve,346,obs,0.9604,0.8085,1.03,68.6,1.348,1.03,1.03
1786116539.607,S3,search,512,obs,0.9616,3.4324,4.328,73.6,4.019,4.328,4.328
1786116540.607,S1,recommend,0,prior,0.0,,,,1.24,,1.24
1786116540.607,S1,reserve,0,prior,0.0,,,,1.658,,1.658
1786116540.607,S1,search,0,prior,0.0,,,,6.899,,6.899
1786116540.607,S2,recommend,0,prior,0.0,,,,0.975,,0.975
1786116540.607,S2,reserve,0,prior,0.0,,,,1.332,,1.332
1786116540.607,S2,search,0,prior,0.0,,,,4.287,,4.287
1786116540.607,S3,recommend,690,obs,0.9641,0.7064,1.367,66.1,1.0,1.367,1.367
1786116540.607,S3,reserve,343,obs,0.9675,0.8047,0.978,64.4,1.348,0.978,0.978
1786116540.607,S3,search,516,obs,0.9641,3.4517,4.492,68.6,4.019,4.492,4.492
1786116541.607,S1,recommend,0,prior,0.0,,,,1.24,,1.24
1786116541.607,S1,reserve,0,prior,0.0,,,,1.658,,1.658
1786116541.607,S1,search,0,prior,0.0,,,,6.899,,6.899
1786116541.607,S2,recommend,0,prior,0.0,,,,0.975,,0.975
1786116541.607,S2,reserve,0,prior,0.0,,,,1.332,,1.332
1786116541.607,S2,search,0,prior,0.0,,,,4.287,,4.287
1786116541.607,S3,recommend,690,obs,0.9641,0.6883,1.306,68.6,1.0,1.306,1.306
1786116541.607,S3,reserve,342,obs,0.9641,0.7975,0.966,66.1,1.348,0.966,0.966
1786116541.607,S3,search,516,obs,0.9629,3.4777,4.492,73.5,4.019,4.492,4.492
1786116542.607,S1,recommend,0,prior,0.0,,,,1.24,,1.24
1786116542.607,S1,reserve,0,prior,0.0,,,,1.658,,1.658
1786116542.607,S1,search,0,prior,0.0,,,,6.899,,6.899
1786116542.607,S2,recommend,0,prior,0.0,,,,0.975,,0.975
1786116542.607,S2,reserve,0,prior,0.0,,,,1.332,,1.332
1786116542.607,S2,search,0,prior,0.0,,,,4.287,,4.287
1786116542.607,S3,recommend,688,obs,0.9675,0.7005,1.299,63.6,1.0,1.299,1.299
1786116542.607,S3,reserve,345,obs,0.9675,0.8059,0.992,61.8,1.348,0.992,0.992
1786116542.607,S3,search,518,obs,0.9629,3.4615,4.304,68.6,4.019,4.304,4.304
1786116543.607,S1,recommend,0,prior,0.0,,,,1.24,,1.24
1786116543.607,S1,reserve,0,prior,0.0,,,,1.658,,1.658
1786116543.607,S1,search,0,prior,0.0,,,,6.899,,6.899
1786116543.607,S2,recommend,0,prior,0.0,,,,0.975,,0.975
1786116543.607,S2,reserve,0,prior,0.0,,,,1.332,,1.332
1786116543.607,S2,search,0,prior,0.0,,,,4.287,,4.287
1786116543.607,S3,recommend,688,obs,0.9679,0.7012,1.294,61.1,1.0,1.294,1.294
1786116543.607,S3,reserve,348,obs,0.9603,0.8239,1.055,71.1,1.348,1.055,1.055
1786116543.607,S3,search,516,obs,0.9679,3.4293,4.269,63.6,4.019,4.269,4.269
1786116544.607,S1,recommend,0,prior,0.0,,,,1.24,,1.24
1786116544.607,S1,reserve,0,prior,0.0,,,,1.658,,1.658
1786116544.607,S1,search,0,prior,0.0,,,,6.899,,6.899
1786116544.607,S2,recommend,0,prior,0.0,,,,0.975,,0.975
1786116544.607,S2,reserve,0,prior,0.0,,,,1.332,,1.332
1786116544.607,S2,search,0,prior,0.0,,,,4.287,,4.287
1786116544.607,S3,recommend,692,obs,0.9679,0.6915,1.323,61.1,1.0,1.323,1.323
1786116544.607,S3,reserve,344,obs,0.9603,0.8183,1.088,66.1,1.348,1.088,1.088
1786116544.607,S3,search,516,obs,0.9679,3.4547,4.35,63.6,4.019,4.35,4.35
1786116545.607,S1,recommend,0,prior,0.0,,,,1.24,,1.24
1786116545.607,S1,reserve,0,prior,0.0,,,,1.658,,1.658
1786116545.607,S1,search,0,prior,0.0,,,,6.899,,6.899
1786116545.607,S2,recommend,0,prior,0.0,,,,0.975,,0.975
1786116545.607,S2,reserve,0,prior,0.0,,,,1.332,,1.332
1786116545.607,S2,search,0,prior,0.0,,,,4.287,,4.287
1786116545.607,S3,recommend,692,obs,0.9678,0.6995,1.357,63.6,1.0,1.357,1.357
1786116545.607,S3,reserve,344,obs,0.9679,0.8073,1.054,61.1,1.348,1.054,1.054
1786116545.607,S3,search,516,obs,0.9641,3.4659,4.485,66.0,4.019,4.485,4.485
1786116546.607,S1,recommend,0,prior,0.0,,,,1.24,,1.24
1786116546.607,S1,reserve,0,prior,0.0,,,,1.658,,1.658
1786116546.607,S1,search,0,prior,0.0,,,,6.899,,6.899
1786116546.607,S2,recommend,0,prior,0.0,,,,0.975,,0.975
1786116546.607,S2,reserve,0,prior,0.0,,,,1.332,,1.332
1786116546.607,S2,search,0,prior,0.0,,,,4.287,,4.287
1786116546.607,S3,recommend,690,obs,0.9679,0.7069,1.384,58.5,1.0,1.384,1.384
1786116546.607,S3,reserve,344,obs,0.9679,0.8472,1.186,63.5,1.348,1.186,1.186
1786116546.607,S3,search,520,obs,0.9678,3.4584,4.457,61.1,4.019,4.457,4.457
1786116547.607,S1,recommend,0,prior,0.0,,,,1.24,,1.24
1786116547.607,S1,reserve,0,prior,0.0,,,,1.658,,1.658
1786116547.607,S1,search,0,prior,0.0,,,,6.899,,6.899
1786116547.607,S2,recommend,0,prior,0.0,,,,0.975,,0.975
1786116547.607,S2,reserve,0,prior,0.0,,,,1.332,,1.332
1786116547.607,S2,search,0,prior,0.0,,,,4.287,,4.287
1786116547.607,S3,recommend,688,obs,0.9691,0.7416,1.359,61.1,1.0,1.359,1.359
1786116547.607,S3,reserve,348,obs,0.9679,0.8873,1.195,58.6,1.348,1.195,1.195
1786116547.607,S3,search,518,obs,0.9629,3.5591,4.528,66.0,4.019,4.528,4.528
1786116548.607,S1,recommend,0,prior,0.0,,,,1.24,,1.24
1786116548.607,S1,reserve,0,prior,0.0,,,,1.658,,1.658
1786116548.607,S1,search,0,prior,0.0,,,,6.899,,6.899
1786116548.607,S2,recommend,0,prior,0.0,,,,0.975,,0.975
1786116548.607,S2,reserve,0,prior,0.0,,,,1.332,,1.332
1786116548.607,S2,search,0,prior,0.0,,,,4.287,,4.287
1786116548.607,S3,recommend,694,obs,0.9716,0.7514,1.377,56.0,1.0,1.377,1.377
1786116548.607,S3,reserve,346,obs,0.9604,0.8495,1.061,68.6,1.348,1.061,1.061
1786116548.607,S3,search,516,obs,0.9678,3.5841,4.619,61.1,4.019,4.619,4.619
1786116549.607,S1,recommend,0,prior,0.0,,,,1.24,,1.24
1786116549.607,S1,reserve,0,prior,0.0,,,,1.658,,1.658
1786116549.607,S1,search,0,prior,0.0,,,,6.899,,6.899
1786116549.607,S2,recommend,0,prior,0.0,,,,0.975,,0.975
1786116549.607,S2,reserve,0,prior,0.0,,,,1.332,,1.332
1786116549.607,S2,search,0,prior,0.0,,,,4.287,,4.287
1786116549.607,S3,recommend,692,obs,0.9679,0.7023,1.346,58.6,1.0,1.346,1.346
1786116549.607,S3,reserve,344,obs,0.9679,0.8062,1.031,63.6,1.348,1.031,1.031
1786116549.607,S3,search,518,obs,0.9678,3.4919,4.588,61.1,4.019,4.588,4.588
1786116550.607,S1,recommend,0,prior,0.0,,,,1.24,,1.24
1786116550.607,S1,reserve,0,prior,0.0,,,,1.658,,1.658
1786116550.607,S1,search,0,prior,0.0,,,,6.899,,6.899
1786116550.607,S2,recommend,0,prior,0.0,,,,0.975,,0.975
1786116550.607,S2,reserve,0,prior,0.0,,,,1.332,,1.332
1786116550.607,S2,search,0,prior,0.0,,,,4.287,,4.287
1786116550.607,S3,recommend,692,obs,0.9678,0.69,1.313,61.1,1.0,1.313,1.313
1786116550.607,S3,reserve,344,obs,0.9679,0.8052,1.038,58.5,1.348,1.038,1.038
1786116550.607,S3,search,518,obs,0.9679,3.4758,4.496,63.6,4.019,4.496,4.496
1786116551.607,S1,recommend,0,prior,0.0,,,,1.24,,1.24
1786116551.607,S1,reserve,0,prior,0.0,,,,1.658,,1.658
1786116551.607,S1,search,0,prior,0.0,,,,6.899,,6.899
1786116551.607,S2,recommend,0,prior,0.0,,,,0.975,,0.975
1786116551.607,S2,reserve,0,prior,0.0,,,,1.332,,1.332
1786116551.607,S2,search,0,prior,0.0,,,,4.287,,4.287
1786116551.607,S3,recommend,690,obs,0.9716,0.7072,1.402,56.1,1.0,1.402,1.402
1786116551.607,S3,reserve,348,obs,0.9716,0.8009,1.019,53.5,1.348,1.019,1.019
1786116551.607,S3,search,520,obs,0.9679,3.4803,4.474,58.6,4.019,4.474,4.474
1786116552.607,S1,recommend,0,prior,0.0,,,,1.24,,1.24
1786116552.607,S1,reserve,0,prior,0.0,,,,1.658,,1.658
1786116552.607,S1,search,0,prior,0.0,,,,6.899,,6.899
1786116552.607,S2,recommend,0,prior,0.0,,,,0.975,,0.975
1786116552.607,S2,reserve,0,prior,0.0,,,,1.332,,1.332
1786116552.607,S2,search,0,prior,0.0,,,,4.287,,4.287
1786116552.607,S3,recommend,690,obs,0.9691,0.7179,1.402,58.6,1.0,1.402,1.402
1786116552.607,S3,reserve,350,obs,0.9678,0.8231,1.124,56.0,1.348,1.124,1.124
1786116552.607,S3,search,516,obs,0.9679,3.499,4.573,63.5,4.019,4.573,4.573
1786116553.607,S1,recommend,0,prior,0.0,,,,1.24,,1.24
1786116553.607,S1,reserve,0,prior,0.0,,,,1.658,,1.658
1786116553.607,S1,search,0,prior,0.0,,,,6.899,,6.899
1786116553.607,S2,recommend,0,prior,0.0,,,,0.975,,0.975
1786116553.607,S2,reserve,0,prior,0.0,,,,1.332,,1.332
1786116553.607,S2,search,0,prior,0.0,,,,4.287,,4.287
1786116553.607,S3,recommend,696,obs,0.9717,0.7254,1.468,53.5,1.0,1.468,1.468
1786116553.607,S3,reserve,346,obs,0.9678,0.8161,1.081,51.0,1.348,1.081,1.081
1786116553.607,S3,search,518,obs,0.9704,3.5262,4.63,58.5,4.019,4.63,4.63
1786116554.607,S1,recommend,0,prior,0.0,,,,1.24,,1.24
1786116554.607,S1,reserve,0,prior,0.0,,,,1.658,,1.658
1786116554.607,S1,search,0,prior,0.0,,,,6.899,,6.899
1786116554.607,S2,recommend,0,prior,0.0,,,,0.975,,0.975
1786116554.607,S2,reserve,0,prior,0.0,,,,1.332,,1.332
1786116554.607,S2,search,0,prior,0.0,,,,4.287,,4.287
1786116554.607,S3,recommend,696,obs,0.9741,0.7104,1.416,51.0,1.0,1.416,1.416
1786116554.607,S3,reserve,344,obs,0.9679,0.7941,0.995,61.0,1.348,0.995,0.995
1786116554.607,S3,search,520,obs,0.9704,3.5069,4.583,53.5,4.019,4.583,4.583
1786116555.607,S1,recommend,0,prior,0.0,,,,1.24,,1.24
1786116555.607,S1,reserve,0,prior,0.0,,,,1.658,,1.658
1786116555.607,S1,search,0,prior,0.0,,,,6.899,,6.899
1786116555.607,S2,recommend,0,prior,0.0,,,,0.975,,0.975
1786116555.607,S2,reserve,0,prior,0.0,,,,1.332,,1.332
1786116555.607,S2,search,0,prior,0.0,,,,4.287,,4.287
1786116555.607,S3,recommend,692,obs,0.9716,0.7212,1.358,51.0,1.0,1.358,1.358
1786116555.607,S3,reserve,346,obs,0.9716,0.8425,1.07,56.0,1.348,1.07,1.07
1786116555.607,S3,search,522,obs,0.9716,3.5513,4.726,53.5,4.019,4.726,4.726
1786116556.607,S1,recommend,0,prior,0.0,,,,1.24,,1.24
1786116556.607,S1,reserve,0,prior,0.0,,,,1.658,,1.658
1786116556.607,S1,search,0,prior,0.0,,,,6.899,,6.899
1786116556.607,S2,recommend,0,prior,0.0,,,,0.975,,0.975
1786116556.607,S2,reserve,0,prior,0.0,,,,1.332,,1.332
1786116556.607,S2,search,0,prior,0.0,,,,4.287,,4.287
1786116556.607,S3,recommend,690,obs,0.9729,0.7283,1.39,53.5,1.0,1.39,1.39
1786116556.607,S3,reserve,350,obs,0.9716,0.8468,1.106,51.0,1.348,1.106,1.106
1786116556.607,S3,search,520,obs,0.9679,3.542,4.538,56.0,4.019,4.538,4.538
1786116557.607,S1,recommend,0,prior,0.0,,,,1.24,,1.24
1786116557.607,S1,reserve,0,prior,0.0,,,,1.658,,1.658
1786116557.607,S1,search,0,prior,0.0,,,,6.899,,6.899
1786116557.607,S2,recommend,0,prior,0.0,,,,0.975,,0.975
1786116557.607,S2,reserve,0,prior,0.0,,,,1.332,,1.332
1786116557.607,S2,search,0,prior,0.0,,,,4.287,,4.287
1786116557.607,S3,recommend,696,obs,0.9754,0.7435,1.4,48.5,1.0,1.4,1.4
1786116557.607,S3,reserve,348,obs,0.9679,0.9258,1.103,53.5,1.348,1.103,1.103
1786116557.607,S3,search,518,obs,0.9729,3.5604,4.538,51.0,4.019,4.538,4.538
1786116558.607,S1,recommend,0,prior,0.0,,,,1.24,,1.24
1786116558.607,S1,reserve,0,prior,0.0,,,,1.658,,1.658
1786116558.607,S1,search,0,prior,0.0,,,,6.899,,6.899
1786116558.607,S2,recommend,0,prior,0.0,,,,0.975,,0.975
1786116558.607,S2,reserve,0,prior,0.0,,,,1.332,,1.332
1786116558.607,S2,search,0,prior,0.0,,,,4.287,,4.287
1786116558.607,S3,recommend,696,obs,0.9716,0.7266,1.332,51.0,1.0,1.332,1.332
1786116558.607,S3,reserve,346,obs,0.9754,0.9215,1.097,48.5,1.348,1.097,1.097
1786116558.607,S3,search,520,obs,0.9703,3.5524,4.668,56.0,4.019,4.668,4.668
1786116559.607,S1,recommend,0,prior,0.0,,,,1.24,,1.24
1786116559.607,S1,reserve,0,prior,0.0,,,,1.658,,1.658
1786116559.607,S1,search,0,prior,0.0,,,,6.899,,6.899
1786116559.607,S2,recommend,0,prior,0.0,,,,0.975,,0.975
1786116559.607,S2,reserve,0,prior,0.0,,,,1.332,,1.332
1786116559.607,S2,search,0,prior,0.0,,,,4.287,,4.287
1786116559.607,S3,recommend,698,obs,0.9753,0.6853,1.287,46.0,1.0,1.287,1.287
1786116559.607,S3,reserve,344,obs,0.9679,0.8114,1.042,58.5,1.348,1.042,1.042
1786116559.607,S3,search,522,obs,0.9741,3.5081,4.678,51.0,4.019,4.678,4.678
1786116560.607,S1,recommend,0,prior,0.0,,,,1.24,,1.24
1786116560.607,S1,reserve,0,prior,0.0,,,,1.658,,1.658
1786116560.607,S1,search,0,prior,0.0,,,,6.899,,6.899
1786116560.607,S2,recommend,0,prior,0.0,,,,0.975,,0.975
1786116560.607,S2,reserve,0,prior,0.0,,,,1.332,,1.332
1786116560.607,S2,search,0,prior,0.0,,,,4.287,,4.287
1786116560.607,S3,recommend,692,obs,0.9754,0.7055,1.378,48.5,1.0,1.378,1.378
1786116560.607,S3,reserve,348,obs,0.9716,0.8168,1.075,53.5,1.348,1.075,1.075
1786116560.607,S3,search,522,obs,0.9716,3.5034,4.551,51.0,4.019,4.551,4.551
1786116561.607,S1,recommend,0,prior,0.0,,,,1.24,,1.24
1786116561.607,S1,reserve,0,prior,0.0,,,,1.658,,1.658
1786116561.607,S1,search,0,prior,0.0,,,,6.899,,6.899
1786116561.607,S2,recommend,0,prior,0.0,,,,0.975,,0.975
1786116561.607,S2,reserve,0,prior,0.0,,,,1.332,,1.332
1786116561.607,S2,search,0,prior,0.0,,,,4.287,,4.287
1786116561.607,S3,recommend,694,obs,0.9767,0.701,1.412,43.5,1.0,1.412,1.412
1786116561.607,S3,reserve,352,obs,0.9716,0.8147,1.066,48.5,1.348,1.066,1.066
1786116561.607,S3,search,519,obs,0.9763,3.4604,4.493,46.8,4.019,4.493,4.493
1786116562.607,S1,recommend,0,prior,0.0,,,,1.24,,1.24
1786116562.607,S1,reserve,0,prior,0.0,,,,1.658,,1.658
1786116562.607,S1,search,0,prior,0.0,,,,6.899,,6.899
1786116562.607,S2,recommend,0,prior,0.0,,,,0.975,,0.975
1786116562.607,S2,reserve,0,prior,0.0,,,,1.332,,1.332
1786116562.607,S2,search,0,prior,0.0,,,,4.287,,4.287
1786116562.607,S3,recommend,698,obs,0.9754,0.7052,1.413,46.0,1.0,1.413,1.413
1786116562.607,S3,reserve,348,obs,0.9716,0.8206,1.066,43.5,1.348,1.066,1.066
1786116562.607,S3,search,520,obs,0.9754,3.475,4.542,48.5,4.019,4.542,4.542
1786116563.607,S1,recommend,0,prior,0.0,,,,1.24,,1.24
1786116563.607,S1,reserve,0,prior,0.0,,,,1.658,,1.658
1786116563.607,S1,search,0,prior,0.0,,,,6.899,,6.899
1786116563.607,S2,recommend,0,prior,0.0,,,,0.975,,0.975
1786116563.607,S2,reserve,0,prior,0.0,,,,1.332,,1.332
1786116563.607,S2,search,0,prior,0.0,,,,4.287,,4.287
1786116563.607,S3,recommend,698,obs,0.9754,0.7132,1.341,48.5,1.0,1.341,1.341
1786116563.607,S3,reserve,346,obs,0.9754,0.806,1.008,46.0,1.348,1.008,1.008
1786116563.607,S3,search,520,obs,0.9704,3.4972,4.505,53.5,4.019,4.505,4.505
1786116564.607,S1,recommend,0,prior,0.0,,,,1.24,,1.24
1786116564.607,S1,reserve,0,prior,0.0,,,,1.658,,1.658
1786116564.607,S1,search,0,prior,0.0,,,,6.899,,6.899
1786116564.607,S2,recommend,0,prior,0.0,,,,0.975,,0.975
1786116564.607,S2,reserve,0,prior,0.0,,,,1.332,,1.332
1786116564.607,S2,search,0,prior,0.0,,,,4.287,,4.287
1786116564.607,S3,recommend,696,obs,0.9754,0.6911,1.294,43.5,1.0,1.294,1.294
1786116564.607,S3,reserve,348,obs,0.9791,0.8106,1.002,41.0,1.348,1.002,1.002
1786116564.607,S3,search,524,obs,0.9741,3.4508,4.322,48.5,4.019,4.322,4.322
1786116565.607,S1,recommend,0,prior,0.0,,,,1.24,,1.24
1786116565.607,S1,reserve,0,prior,0.0,,,,1.658,,1.658
1786116565.607,S1,search,0,prior,0.0,,,,6.899,,6.899
1786116565.607,S2,recommend,0,prior,0.0,,,,0.975,,0.975
1786116565.607,S2,reserve,0,prior,0.0,,,,1.332,,1.332
1786116565.607,S2,search,0,prior,0.0,,,,4.287,,4.287
1786116565.607,S3,recommend,694,obs,0.9791,0.6907,1.316,41.0,1.0,1.316,1.316
1786116565.607,S3,reserve,350,obs,0.9716,0.8179,1.053,51.0,1.348,1.053,1.053
1786116565.607,S3,search,524,obs,0.9741,3.4299,4.308,43.5,4.019,4.308,4.308
1786116566.607,S1,recommend,0,prior,0.0,,,,1.24,,1.24
1786116566.607,S1,reserve,0,prior,0.0,,,,1.658,,1.658
1786116566.607,S1,search,0,prior,0.0,,,,6.899,,6.899
1786116566.607,S2,recommend,0,prior,0.0,,,,0.975,,0.975
1786116566.607,S2,reserve,0,prior,0.0,,,,1.332,,1.332
1786116566.607,S2,search,0,prior,0.0,,,,4.287,,4.287
1786116566.607,S3,recommend,698,obs,0.9791,0.7091,1.259,41.0,1.0,1.259,1.259
1786116566.607,S3,reserve,350,obs,0.9716,0.8067,1.069,46.0,1.348,1.069,1.069
1786116566.607,S3,search,520,obs,0.9766,3.4507,4.369,43.5,4.019,4.369,4.369
1786116567.607,S1,recommend,0,prior,0.0,,,,1.24,,1.24
1786116567.607,S1,reserve,0,prior,0.0,,,,1.658,,1.658
1786116567.607,S1,search,0,prior,0.0,,,,6.899,,6.899
1786116567.607,S2,recommend,0,prior,0.0,,,,0.975,,0.975
1786116567.607,S2,reserve,0,prior,0.0,,,,1.332,,1.332
1786116567.607,S2,search,0,prior,0.0,,,,4.287,,4.287
1786116567.607,S3,recommend,700,obs,0.9779,0.7493,1.444,38.5,1.0,1.444,1.444
1786116567.607,S3,reserve,348,obs,0.9791,0.8675,1.11,41.0,1.348,1.11,1.11
1786116567.607,S3,search,522,obs,0.9754,3.5757,4.561,46.0,4.019,4.561,4.561
1786116568.607,S1,recommend,0,prior,0.0,,,,1.24,,1.24
1786116568.607,S1,reserve,0,prior,0.0,,,,1.658,,1.658
1786116568.607,S1,search,0,prior,0.0,,,,6.899,,6.899
1786116568.607,S2,recommend,0,prior,0.0,,,,0.975,,0.975
1786116568.607,S2,reserve,0,prior,0.0,,,,1.332,,1.332
1786116568.607,S2,search,0,prior,0.0,,,,4.287,,4.287
1786116568.607,S3,recommend,700,obs,0.9791,0.7456,1.452,38.5,1.0,1.452,1.452
1786116568.607,S3,reserve,346,obs,0.9754,0.8582,1.095,43.5,1.348,1.095,1.095
1786116568.607,S3,search,524,obs,0.9791,3.6104,4.773,41.0,4.019,4.773,4.773
1786116569.607,S1,recommend,0,prior,0.0,,,,1.24,,1.24
1786116569.607,S1,reserve,0,prior,0.0,,,,1.658,,1.658
1786116569.607,S1,search,0,prior,0.0,,,,6.899,,6.899
1786116569.607,S2,recommend,0,prior,0.0,,,,0.975,,0.975
1786116569.607,S2,reserve,0,prior,0.0,,,,1.332,,1.332
1786116569.607,S2,search,0,prior,0.0,,,,4.287,,4.287
1786116569.607,S3,recommend,696,obs,0.9791,0.7182,1.399,41.0,1.0,1.399,1.399
1786116569.607,S3,reserve,350,obs,0.9791,0.8255,1.075,38.5,1.348,1.075,1.075
1786116569.607,S3,search,524,obs,0.9741,3.5229,4.686,46.0,4.019,4.686,4.686
1786116570.607,S1,recommend,0,prior,0.0,,,,1.24,,1.24
1786116570.607,S1,reserve,0,prior,0.0,,,,1.658,,1.658
1786116570.607,S1,search,0,prior,0.0,,,,6.899,,6.899
1786116570.607,S2,recommend,0,prior,0.0,,,,0.975,,0.975
1786116570.607,S2,reserve,0,prior,0.0,,,,1.332,,1.332
1786116570.607,S2,search,0,prior,0.0,,,,4.287,,4.287
1786116570.607,S3,recommend,696,obs,0.9803,0.7127,1.358,36.0,1.0,1.358,1.358
1786116570.607,S3,reserve,352,obs,0.9716,0.8528,1.218,48.5,1.348,1.218,1.218
1786116570.607,S3,search,524,obs,0.9804,3.4886,4.533,38.5,4.019,4.533,4.533
1786116571.607,S1,recommend,0,prior,0.0,,,,1.24,,1.24
1786116571.607,S1,reserve,0,prior,0.0,,,,1.658,,1.658
1786116571.607,S1,search,0,prior,0.0,,,,6.899,,6.899
1786116571.607,S2,recommend,0,prior,0.0,,,,0.975,,0.975
1786116571.607,S2,reserve,0,prior,0.0,,,,1.332,,1.332
1786116571.607,S2,search,0,prior,0.0,,,,4.287,,4.287
1786116571.607,S3,recommend,700,obs,0.9792,0.7397,1.472,38.4,1.0,1.472,1.472
1786116571.607,S3,reserve,350,obs,0.9754,0.8276,1.132,35.9,1.348,1.132,1.132
1786116571.607,S3,search,522,obs,0.9791,3.5045,4.607,41.0,4.019,4.607,4.607
1786116572.607,S1,recommend,0,prior,0.0,,,,1.24,,1.24
1786116572.607,S1,reserve,0,prior,0.0,,,,1.658,,1.658
1786116572.607,S1,search,0,prior,0.0,,,,6.899,,6.899
1786116572.607,S2,recommend,0,prior,0.0,,,,0.975,,0.975
1786116572.607,S2,reserve,0,prior,0.0,,,,1.332,,1.332
1786116572.607,S2,search,0,prior,0.0,,,,4.287,,4.287
1786116572.607,S3,recommend,704,obs,0.9829,0.7384,1.493,33.5,1.0,1.493,1.493
1786116572.607,S3,reserve,346,obs,0.9754,0.8111,1.087,46.0,1.348,1.087,1.087
1786116572.607,S3,search,524,obs,0.9779,3.5621,4.701,38.5,4.019,4.701,4.701
1786116573.607,S1,recommend,0,prior,0.0,,,,1.24,,1.24
1786116573.607,S1,reserve,0,prior,0.0,,,,1.658,,1.658
1786116573.607,S1,search,0,prior,0.0,,,,6.899,,6.899
1786116573.607,S2,recommend,0,prior,0.0,,,,0.975,,0.975
1786116573.607,S2,reserve,0,prior,0.0,,,,1.332,,1.332
1786116573.607,S2,search,0,prior,0.0,,,,4.287,,4.287
1786116573.607,S3,recommend,699,obs,0.9813,0.6935,1.31,31.6,1.0,1.31,1.31
1786116573.607,S3,reserve,348,obs,0.9791,0.8204,1.083,41.0,1.348,1.083,1.083
1786116573.607,S3,search,526,obs,0.9791,3.5171,4.63,38.4,4.019,4.63,4.63
1786116574.608,S1,recommend,0,prior,0.0,,,,1.24,,1.24
1786116574.608,S1,reserve,0,prior,0.0,,,,1.658,,1.658
1786116574.608,S1,search,0,prior,0.0,,,,6.899,,6.899
1786116574.608,S2,recommend,0,prior,0.0,,,,0.975,,0.975
1786116574.608,S2,reserve,0,prior,0.0,,,,1.332,,1.332
1786116574.608,S2,search,0,prior,0.0,,,,4.287,,4.287
1786116574.608,S3,recommend,697,obs,0.9838,0.6782,1.316,31.7,1.0,1.316,1.316
1786116574.608,S3,reserve,352,obs,0.9791,0.8251,1.039,36.0,1.348,1.039,1.039
1786116574.608,S3,search,525,obs,0.9788,3.5044,4.631,34.2,4.019,4.631,4.631
1786116575.607,S1,recommend,0,prior,0.0,,,,1.24,,1.24
1786116575.607,S1,reserve,0,prior,0.0,,,,1.658,,1.658
1786116575.607,S1,search,0,prior,0.0,,,,6.899,,6.899
1786116575.607,S2,recommend,0,prior,0.0,,,,0.975,,0.975
1786116575.607,S2,reserve,0,prior,0.0,,,,1.332,,1.332
1786116575.607,S2,search,0,prior,0.0,,,,4.287,,4.287
1786116575.607,S3,recommend,700,obs,0.9829,0.7045,1.354,33.5,1.0,1.354,1.354
1786116575.607,S3,reserve,354,obs,0.9791,0.8267,1.066,31.0,1.348,1.066,1.066
1786116575.607,S3,search,522,obs,0.9804,3.5126,4.475,36.0,4.019,4.475,4.475
1786116576.607,S1,recommend,0,prior,0.0,,,,1.24,,1.24
1786116576.607,S1,reserve,0,prior,0.0,,,,1.658,,1.658
1786116576.607,S1,search,0,prior,0.0,,,,6.899,,6.899
1786116576.607,S2,recommend,0,prior,0.0,,,,0.975,,0.975
1786116576.607,S2,reserve,0,prior,0.0,,,,1.332,,1.332
1786116576.607,S2,search,0,prior,0.0,,,,4.287,,4.287
1786116576.607,S3,recommend,704,obs,0.9829,0.7065,1.258,28.5,1.0,1.258,1.258
1786116576.607,S3,reserve,350,obs,0.9829,0.8286,1.187,33.4,1.348,1.187,1.187
1786116576.607,S3,search,522,obs,0.9753,3.4721,4.363,45.9,4.019,4.363,4.363
1786116577.607,S1,recommend,0,prior,0.0,,,,1.24,,1.24
1786116577.607,S1,reserve,0,prior,0.0,,,,1.658,,1.658
1786116577.607,S1,search,0,prior,0.0,,,,6.899,,6.899
1786116577.607,S2,recommend,0,prior,0.0,,,,0.975,,0.975
1786116577.607,S2,reserve,0,prior,0.0,,,,1.332,,1.332
1786116577.607,S2,search,0,prior,0.0,,,,4.287,,4.287
1786116577.607,S3,recommend,704,obs,0.9828,0.7415,1.415,31.0,1.0,1.415,1.415
1786116577.607,S3,reserve,348,obs,0.9829,0.848,1.107,28.5,1.348,1.107,1.107
1786116577.607,S3,search,526,obs,0.9816,3.5785,4.437,35.9,4.019,4.437,4.437
1786116578.607,S1,recommend,0,prior,0.0,,,,1.24,,1.24
1786116578.607,S1,reserve,0,prior,0.0,,,,1.658,,1.658
1786116578.607,S1,search,0,prior,0.0,,,,6.899,,6.899
1786116578.607,S2,recommend,0,prior,0.0,,,,0.975,,0.975
1786116578.607,S2,reserve,0,prior,0.0,,,,1.332,,1.332
1786116578.607,S2,search,0,prior,0.0,,,,4.287,,4.287
1786116578.607,S3,recommend,702,obs,0.9866,0.7438,1.37,25.9,1.0,1.37,1.37
1786116578.607,S3,reserve,350,obs,0.9791,0.8439,1.04,38.5,1.348,1.04,1.04
1786116578.607,S3,search,528,obs,0.9816,3.5736,4.406,31.0,4.019,4.406,4.406
1786116579.608,S1,recommend,0,prior,0.0,,,,1.24,,1.24
1786116579.608,S1,reserve,0,prior,0.0,,,,1.658,,1.658
1786116579.608,S1,search,0,prior,0.0,,,,6.899,,6.899
1786116579.608,S2,recommend,0,prior,0.0,,,,0.975,,0.975
1786116579.608,S2,reserve,0,prior,0.0,,,,1.332,,1.332
1786116579.608,S2,search,0,prior,0.0,,,,4.287,,4.287
1786116579.608,S3,recommend,698,obs,0.9841,0.6856,1.272,28.5,1.0,1.272,1.272
1786116579.608,S3,reserve,354,obs,0.9791,0.8213,1.001,33.4,1.348,1.001,1.001
1786116579.608,S3,search,526,obs,0.9841,3.4443,4.445,30.9,4.019,4.445,4.445
1786116580.607,S1,recommend,0,prior,0.0,,,,1.24,,1.24
1786116580.607,S1,reserve,0,prior,0.0,,,,1.658,,1.658
1786116580.607,S1,search,0,prior,0.0,,,,6.899,,6.899
1786116580.607,S2,recommend,0,prior,0.0,,,,0.975,,0.975
1786116580.607,S2,reserve,0,prior,0.0,,,,1.332,,1.332
1786116580.607,S2,search,0,prior,0.0,,,,4.287,,4.287
1786116580.607,S3,recommend,668,obs,0.9341,0.7018,1.356,128.4,1.0,1.356,1.356
1786116580.607,S3,reserve,332,obs,0.9303,0.8129,0.997,125.9,1.348,0.997,0.997
1786116580.607,S3,search,500,obs,0.9325,3.46,4.481,133.4,4.019,4.481,4.481
1786116581.607,S1,recommend,0,prior,0.0,,,,1.24,,1.24
1786116581.607,S1,reserve,0,prior,0.0,,,,1.658,,1.658
1786116581.607,S1,search,0,prior,0.0,,,,6.899,,6.899
1786116581.607,S2,recommend,0,prior,0.0,,,,0.975,,0.975
1786116581.607,S2,reserve,0,prior,0.0,,,,1.332,,1.332
1786116581.607,S2,search,0,prior,0.0,,,,4.287,,4.287
1786116581.607,S3,recommend,669,obs,0.9375,0.7279,1.444,124.2,1.0,1.444,1.444
1786116581.607,S3,reserve,332,obs,0.9304,0.8076,0.998,135.9,1.348,0.998,0.998
1786116581.607,S3,search,500,obs,0.9329,3.4876,4.384,128.4,4.019,4.384,4.384
1786116582.607,S1,recommend,0,prior,0.0,,,,1.24,,1.24
1786116582.607,S1,reserve,0,prior,0.0,,,,1.658,,1.658
1786116582.607,S1,search,0,prior,0.0,,,,6.899,,6.899
1786116582.607,S2,recommend,0,prior,0.0,,,,0.975,,0.975
1786116582.607,S2,reserve,0,prior,0.0,,,,1.332,,1.332
1786116582.607,S2,search,0,prior,0.0,,,,4.287,,4.287
1786116582.607,S3,recommend,664,obs,0.9341,0.7025,1.323,125.9,1.0,1.323,1.323
1786116582.607,S3,reserve,334,obs,0.9341,0.838,1.08,130.9,1.348,1.08,1.08
1786116582.607,S3,search,502,obs,0.9341,3.4853,4.384,128.4,4.019,4.384,4.384
1786116583.607,S1,recommend,0,prior,0.0,,,,1.24,,1.24
1786116583.607,S1,reserve,0,prior,0.0,,,,1.658,,1.658
1786116583.607,S1,search,0,prior,0.0,,,,6.899,,6.899
1786116583.607,S2,recommend,0,prior,0.0,,,,0.975,,0.975
1786116583.607,S2,reserve,0,prior,0.0,,,,1.332,,1.332
1786116583.607,S2,search,0,prior,0.0,,,,4.287,,4.287
1786116583.607,S3,recommend,666,obs,0.9354,0.6803,1.241,128.4,1.0,1.241,1.241
1786116583.607,S3,reserve,336,obs,0.9341,0.8391,1.115,125.9,1.348,1.115,1.115
1786116583.607,S3,search,498,obs,0.93,3.4673,4.416,130.9,4.019,4.416,4.416
1786116584.607,S1,recommend,0,prior,0.0,,,,1.24,,1.24
1786116584.607,S1,reserve,0,prior,0.0,,,,1.658,,1.658
1786116584.607,S1,search,0,prior,0.0,,,,6.899,,6.899
1786116584.607,S2,recommend,0,prior,0.0,,,,0.975,,0.975
1786116584.607,S2,reserve,0,prior,0.0,,,,1.332,,1.332
1786116584.607,S2,search,0,prior,0.0,,,,4.287,,4.287
1786116584.607,S3,recommend,670,obs,0.9379,0.6907,1.366,123.4,1.0,1.366,1.366
1786116584.607,S3,reserve,334,obs,0.9341,0.8112,1.004,120.9,1.348,1.004,1.004
1786116584.607,S3,search,500,obs,0.9353,3.4678,4.443,125.9,4.019,4.443,4.443
1786116585.607,S1,recommend,0,prior,0.0,,,,1.24,,1.24
1786116585.607,S1,reserve,0,prior,0.0,,,,1.658,,1.658
1786116585.607,S1,search,0,prior,0.0,,,,6.899,,6.899
1786116585.607,S2,recommend,0,prior,0.0,,,,0.975,,0.975
1786116585.607,S2,reserve,0,prior,0.0,,,,1.332,,1.332
1786116585.607,S2,search,0,prior,0.0,,,,4.287,,4.287
1786116585.607,S3,recommend,670,obs,0.9379,0.704,1.364,118.4,1.0,1.364,1.364
1786116585.607,S3,reserve,334,obs,0.9379,0.8031,0.979,123.4,1.348,0.979,0.979
1786116585.607,S3,search,502,obs,0.9378,3.4705,4.465,120.9,4.019,4.465,4.465
1786116586.607,S1,recommend,0,prior,0.0,,,,1.24,,1.24
1786116586.607,S1,reserve,0,prior,0.0,,,,1.658,,1.658
1786116586.607,S1,search,0,prior,0.0,,,,6.899,,6.899
1786116586.607,S2,recommend,0,prior,0.0,,,,0.975,,0.975
1786116586.607,S2,reserve,0,prior,0.0,,,,1.332,,1.332
1786116586.607,S2,search,0,prior,0.0,,,,4.287,,4.287
1786116586.607,S3,recommend,670,obs,0.9378,0.6847,1.29,120.9,1.0,1.29,1.29
1786116586.607,S3,reserve,334,obs,0.9379,0.7918,0.969,118.4,1.348,0.969,0.969
1786116586.607,S3,search,502,obs,0.9366,3.459,4.607,125.9,4.019,4.607,4.607
1786116587.607,S1,recommend,0,prior,0.0,,,,1.24,,1.24
1786116587.607,S1,reserve,0,prior,0.0,,,,1.658,,1.658
1786116587.607,S1,search,0,prior,0.0,,,,6.899,,6.899
1786116587.607,S2,recommend,0,prior,0.0,,,,0.975,,0.975
1786116587.607,S2,reserve,0,prior,0.0,,,,1.332,,1.332
1786116587.607,S2,search,0,prior,0.0,,,,4.287,,4.287
1786116587.607,S3,recommend,668,obs,0.9416,0.7309,1.337,115.9,1.0,1.337,1.337
1786116587.607,S3,reserve,336,obs,0.9341,0.8487,0.962,128.4,1.348,0.962,0.962
1786116587.607,S3,search,503,obs,0.9375,3.5976,4.613,119.2,4.019,4.613,4.613
1786116588.607,S1,recommend,0,prior,0.0,,,,1.24,,1.24
1786116588.607,S1,reserve,0,prior,0.0,,,,1.658,,1.658
1786116588.607,S1,search,0,prior,0.0,,,,6.899,,6.899
1786116588.607,S2,recommend,0,prior,0.0,,,,0.975,,0.975
1786116588.607,S2,reserve,0,prior,0.0,,,,1.332,,1.332
1786116588.607,S2,search,0,prior,0.0,,,,4.287,,4.287
1786116588.607,S3,recommend,670,obs,0.9391,0.7272,1.283,118.4,1.0,1.283,1.283
1786116588.607,S3,reserve,338,obs,0.9378,0.8749,1.045,115.9,1.348,1.045,1.045
1786116588.607,S3,search,500,obs,0.9391,3.5689,4.494,120.9,4.019,4.494,4.494
1786116589.607,S1,recommend,0,prior,0.0,,,,1.24,,1.24
1786116589.607,S1,reserve,0,prior,0.0,,,,1.658,,1.658
1786116589.607,S1,search,0,prior,0.0,,,,6.899,,6.899
1786116589.607,S2,recommend,0,prior,0.0,,,,0.975,,0.975
1786116589.607,S2,reserve,0,prior,0.0,,,,1.332,,1.332
1786116589.607,S2,search,0,prior,0.0,,,,4.287,,4.287
1786116589.607,S3,recommend,674,obs,0.9416,0.7064,1.328,113.4,1.0,1.328,1.328
1786116589.607,S3,reserve,332,obs,0.9303,0.81,1.001,125.9,1.348,1.001,1.001
1786116589.607,S3,search,504,obs,0.9403,3.4503,4.527,118.4,4.019,4.527,4.527
1786116590.607,S1,recommend,0,prior,0.0,,,,1.24,,1.24
1786116590.607,S1,reserve,0,prior,0.0,,,,1.658,,1.658
1786116590.607,S1,search,0,prior,0.0,,,,6.899,,6.899
1786116590.607,S2,recommend,0,prior,0.0,,,,0.975,,0.975
1786116590.607,S2,reserve,0,prior,0.0,,,,1.332,,1.332
1786116590.607,S2,search,0,prior,0.0,,,,4.287,,4.287
1786116590.607,S3,recommend,672,obs,0.9416,0.7193,1.372,115.9,1.0,1.372,1.372
1786116590.607,S3,reserve,334,obs,0.9379,0.7953,0.983,120.9,1.348,0.983,0.983
1786116590.607,S3,search,502,obs,0.9379,3.4937,4.558,118.4,4.019,4.558,4.558
1786116591.607,S1,recommend,0,prior,0.0,,,,1.24,,1.24
1786116591.607,S1,reserve,0,prior,0.0,,,,1.658,,1.658
1786116591.607,S1,search,0,prior,0.0,,,,6.899,,6.899
1786116591.607,S2,recommend,0,prior,0.0,,,,0.975,,0.975
1786116591.607,S2,reserve,0,prior,0.0,,,,1.332,,1.332
1786116591.607,S2,search,0,prior,0.0,,,,4.287,,4.287
1786116591.607,S3,recommend,669,obs,0.9412,0.7025,1.353,111.7,1.0,1.353,1.353
1786116591.607,S3,reserve,336,obs,0.9416,0.812,1.041,115.9,1.348,1.041,1.041
1786116591.607,S3,search,505,obs,0.9413,3.4764,4.42,114.1,4.019,4.42,4.42
1786116592.607,S1,recommend,0,prior,0.0,,,,1.24,,1.24
1786116592.607,S1,reserve,0,prior,0.0,,,,1.658,,1.658
1786116592.607,S1,search,0,prior,0.0,,,,6.899,,6.899
1786116592.607,S2,recommend,0,prior,0.0,,,,0.975,,0.975
1786116592.607,S2,reserve,0,prior,0.0,,,,1.332,,1.332
1786116592.607,S2,search,0,prior,0.0,,,,4.287,,4.287
1786116592.607,S3,recommend,670,obs,0.9429,0.6958,1.356,113.4,1.0,1.356,1.356
1786116592.607,S3,reserve,340,obs,0.9416,0.8181,1.043,110.9,1.348,1.043,1.043
1786116592.607,S3,search,502,obs,0.9379,3.4782,4.468,115.9,4.019,4.468,4.468
1786116593.607,S1,recommend,0,prior,0.0,,,,1.24,,1.24
1786116593.607,S1,reserve,0,prior,0.0,,,,1.658,,1.658
1786116593.607,S1,search,0,prior,0.0,,,,6.899,,6.899
1786116593.607,S2,recommend,0,prior,0.0,,,,0.975,,0.975
1786116593.607,S2,reserve,0,prior,0.0,,,,1.332,,1.332
1786116593.607,S2,search,0,prior,0.0,,,,4.287,,4.287
1786116593.607,S3,recommend,674,obs,0.9416,0.7069,1.393,115.9,1.0,1.393,1.393
1786116593.607,S3,reserve,336,obs,0.9378,0.8194,1.134,113.4,1.348,1.134,1.134
1786116593.607,S3,search,500,obs,0.9353,3.4965,4.534,125.9,4.019,4.534,4.534
1786116594.607,S1,recommend,0,prior,0.0,,,,1.24,,1.24
1786116594.607,S1,reserve,0,prior,0.0,,,,1.658,,1.658
1786116594.607,S1,search,0,prior,0.0,,,,6.899,,6.899
1786116594.607,S2,recommend,0,prior,0.0,,,,0.975,,0.975
1786116594.607,S2,reserve,0,prior,0.0,,,,1.332,,1.332
1786116594.607,S2,search,0,prior,0.0,,,,4.287,,4.287
1786116594.607,S3,recommend,674,obs,0.9416,0.7204,1.393,110.9,1.0,1.393,1.393
1786116594.607,S3,reserve,334,obs,0.9379,0.8164,1.12,123.4,1.348,1.12,1.12
1786116594.607,S3,search,504,obs,0.9404,3.5079,4.548,115.9,4.019,4.548,4.548
1786116595.607,S1,recommend,0,prior,0.0,,,,1.24,,1.24
1786116595.607,S1,reserve,0,prior,0.0,,,,1.658,,1.658
1786116595.607,S1,search,0,prior,0.0,,,,6.899,,6.899
1786116595.607,S2,recommend,0,prior,0.0,,,,0.975,,0.975
1786116595.607,S2,reserve,0,prior,0.0,,,,1.332,,1.332
1786116595.607,S2,search,0,prior,0.0,,,,4.287,,4.287
1786116595.607,S3,recommend,674,obs,0.9441,0.7145,1.387,108.4,1.0,1.387,1.387
1786116595.607,S3,reserve,334,obs,0.9379,0.8192,1.129,118.4,1.348,1.129,1.129
1786116595.607,S3,search,506,obs,0.9441,3.4991,4.509,110.8,4.019,4.509,4.509
1786116596.607,S1,recommend,0,prior,0.0,,,,1.24,,1.24
1786116596.607,S1,reserve,0,prior,0.0,,,,1.658,,1.658
1786116596.607,S1,search,0,prior,0.0,,,,6.899,,6.899
1786116596.607,S2,recommend,0,prior,0.0,,,,0.975,,0.975
1786116596.607,S2,reserve,0,prior,0.0,,,,1.332,,1.332
1786116596.607,S2,search,0,prior,0.0,,,,4.287,,4.287
1786116596.607,S3,recommend,670,obs,0.9454,0.7165,1.333,108.4,1.0,1.333,1.333
1786116596.607,S3,reserve,338,obs,0.9413,0.8241,1.256,113.4,1.348,1.256,1.256
1786116596.607,S3,search,506,obs,0.9417,3.4852,4.43,110.9,4.019,4.43,4.43
1786116597.607,S1,recommend,0,prior,0.0,,,,1.24,,1.24
1786116597.607,S1,reserve,0,prior,0.0,,,,1.658,,1.658
1786116597.607,S1,search,0,prior,0.0,,,,6.899,,6.899
1786116597.607,S2,recommend,0,prior,0.0,,,,0.975,,0.975
1786116597.607,S2,reserve,0,prior,0.0,,,,1.332,,1.332
1786116597.607,S2,search,0,prior,0.0,,,,4.287,,4.287
1786116597.607,S3,recommend,672,obs,0.9428,0.7327,1.343,110.9,1.0,1.343,1.343
1786116597.607,S3,reserve,340,obs,0.9416,0.9132,1.229,108.4,1.348,1.229,1.229
1786116597.607,S3,search,502,obs,0.9429,3.5338,4.455,113.4,4.019,4.455,4.455
1786116598.607,S1,recommend,0,prior,0.0,,,,1.24,,1.24
1786116598.607,S1,reserve,0,prior,0.0,,,,1.658,,1.658
1786116598.607,S1,search,0,prior,0.0,,,,6.899,,6.899
1786116598.607,S2,recommend,0,prior,0.0,,,,0.975,,0.975
1786116598.607,S2,reserve,0,prior,0.0,,,,1.332,,1.332
1786116598.607,S2,search,0,prior,0.0,,,,4.287,,4.287
1786116598.607,S3,recommend,676,obs,0.9454,0.7337,1.374,105.9,1.0,1.374,1.374
1786116598.607,S3,reserve,334,obs,0.9379,0.92,1.117,110.9,1.348,1.117,1.117
1786116598.607,S3,search,506,obs,0.9454,3.5417,4.512,108.4,4.019,4.512,4.512
1786116599.607,S1,recommend,0,prior,0.0,,,,1.24,,1.24
1786116599.607,S1,reserve,0,prior,0.0,,,,1.658,,1.658
1786116599.607,S1,search,0,prior,0.0,,,,6.899,,6.899
1786116599.607,S2,recommend,0,prior,0.0,,,,0.975,,0.975
1786116599.607,S2,reserve,0,prior,0.0,,,,1.332,,1.332
1786116599.607,S2,search,0,prior,0.0,,,,4.287,,4.287
1786116599.607,S3,recommend,676,obs,0.9454,0.7069,1.34,108.4,1.0,1.34,1.34
1786116599.607,S3,reserve,336,obs,0.9454,0.8128,1.086,105.9,1.348,1.086,1.086
1786116599.607,S3,search,504,obs,0.9403,3.4965,4.582,113.4,4.019,4.582,4.582
1786116600.607,S1,recommend,0,prior,0.0,,,,1.24,,1.24
1786116600.607,S1,reserve,0,prior,0.0,,,,1.658,,1.658
1786116600.607,S1,search,0,prior,0.0,,,,6.899,,6.899
1786116600.607,S2,recommend,0,prior,0.0,,,,0.975,,0.975
1786116600.607,S2,reserve,0,prior,0.0,,,,1.332,,1.332
1786116600.607,S2,search,0,prior,0.0,,,,4.287,,4.287
1786116600.607,S3,recommend,674,obs,0.9454,0.7074,1.302,103.4,1.0,1.302,1.302
1786116600.607,S3,reserve,336,obs,0.9416,0.8248,1.034,115.9,1.348,1.034,1.034
1786116600.607,S3,search,508,obs,0.9441,3.5316,4.605,108.4,4.019,4.605,4.605
1786116601.607,S1,recommend,0,prior,0.0,,,,1.24,,1.24
1786116601.607,S1,reserve,0,prior,0.0,,,,1.658,,1.658
1786116601.607,S1,search,0,prior,0.0,,,,6.899,,6.899
1786116601.607,S2,recommend,0,prior,0.0,,,,0.975,,0.975
1786116601.607,S2,reserve,0,prior,0.0,,,,1.332,,1.332
1786116601.607,S2,search,0,prior,0.0,,,,4.287,,4.287
1786116601.607,S3,recommend,673,obs,0.9487,0.7166,1.374,101.6,1.0,1.374,1.374
1786116601.607,S3,reserve,340,obs,0.9416,0.8422,1.174,110.9,1.348,1.174,1.174
1786116601.607,S3,search,505,obs,0.9438,3.5321,4.625,104.1,4.019,4.625,4.625
1786116602.607,S1,recommend,0,prior,0.0,,,,1.24,,1.24
1786116602.607,S1,reserve,0,prior,0.0,,,,1.658,,1.658
1786116602.607,S1,search,0,prior,0.0,,,,6.899,,6.899
1786116602.607,S2,recommend,0,prior,0.0,,,,0.975,,0.975
1786116602.607,S2,reserve,0,prior,0.0,,,,1.332,,1.332
1786116602.607,S2,search,0,prior,0.0,,,,4.287,,4.287
1786116602.607,S3,recommend,677,obs,0.9487,0.7029,1.323,101.6,1.0,1.323,1.323
1786116602.607,S3,reserve,338,obs,0.9416,0.8149,1.09,105.9,1.348,1.09,1.09
1786116602.607,S3,search,504,obs,0.9466,3.4983,4.571,103.4,4.019,4.571,4.571
1786116603.607,S1,recommend,0,prior,0.0,,,,1.24,,1.24
1786116603.607,S1,reserve,0,prior,0.0,,,,1.658,,1.658
1786116603.607,S1,search,0,prior,0.0,,,,6.899,,6.899
1786116603.607,S2,recommend,0,prior,0.0,,,,0.975,,0.975
1786116603.607,S2,reserve,0,prior,0.0,,,,1.332,,1.332
1786116603.607,S2,search,0,prior,0.0,,,,4.287,,4.287
1786116603.607,S3,recommend,676,obs,0.9454,0.6845,1.217,103.4,1.0,1.217,1.217
1786116603.607,S3,reserve,338,obs,0.9491,0.803,1.0,100.8,1.348,1.0,1.0
1786116603.607,S3,search,506,obs,0.9454,3.4598,4.462,105.9,4.019,4.462,4.462
1786116604.607,S1,recommend,0,prior,0.0,,,,1.24,,1.24
1786116604.607,S1,reserve,0,prior,0.0,,,,1.658,,1.658
1786116604.607,S1,search,0,prior,0.0,,,,6.899,,6.899
1786116604.607,S2,recommend,0,prior,0.0,,,,0.975,,0.975
1786116604.607,S2,reserve,0,prior,0.0,,,,1.332,,1.332
1786116604.607,S2,search,0,prior,0.0,,,,4.287,,4.287
1786116604.607,S3,recommend,676,obs,0.9454,0.6949,1.347,105.9,1.0,1.347,1.347
1786116604.607,S3,reserve,336,obs,0.9454,0.8142,1.035,103.4,1.348,1.035,1.035
1786116604.607,S3,search,506,obs,0.9441,3.502,4.606,110.9,4.019,4.606,4.606
1786116605.607,S1,recommend,0,prior,0.0,,,,1.24,,1.24
1786116605.607,S1,reserve,0,prior,0.0,,,,1.658,,1.658
1786116605.607,S1,search,0,prior,0.0,,,,6.899,,6.899
1786116605.607,S2,recommend,0,prior,0.0,,,,0.975,,0.975
1786116605.607,S2,reserve,0,prior,0.0,,,,1.332,,1.332
1786116605.607,S2,search,0,prior,0.0,,,,4.287,,4.287
1786116605.607,S3,recommend,674,obs,0.9491,0.7218,1.381,100.9,1.0,1.381,1.381
1786116605.607,S3,reserve,340,obs,0.9491,0.8296,1.096,98.3,1.348,1.096,1.096
1786116605.607,S3,search,508,obs,0.9441,3.554,4.692,105.9,4.019,4.692,4.692
1786116606.608,S1,recommend,0,prior,0.0,,,,1.24,,1.24
1786116606.608,S1,reserve,0,prior,0.0,,,,1.658,,1.658
1786116606.608,S1,search,0,prior,0.0,,,,6.899,,6.899
1786116606.608,S2,recommend,0,prior,0.0,,,,0.975,,0.975
1786116606.608,S2,reserve,0,prior,0.0,,,,1.332,,1.332
1786116606.608,S2,search,0,prior,0.0,,,,4.287,,4.287
1786116606.608,S3,recommend,678,obs,0.9504,0.7127,1.306,95.9,1.0,1.306,1.306
1786116606.608,S3,reserve,340,obs,0.9416,0.8453,1.114,108.4,1.348,1.114,1.114
1786116606.608,S3,search,506,obs,0.9491,3.541,4.692,100.9,4.019,4.692,4.692
1786116607.607,S1,recommend,0,prior,0.0,,,,1.24,,1.24
1786116607.607,S1,reserve,0,prior,0.0,,,,1.658,,1.658
1786116607.607,S1,search,0,prior,0.0,,,,6.899,,6.899
1786116607.607,S2,recommend,0,prior,0.0,,,,0.975,,0.975
1786116607.607,S2,reserve,0,prior,0.0,,,,1.332,,1.332
1786116607.607,S2,search,0,prior,0.0,,,,4.287,,4.287
1786116607.607,S3,recommend,678,obs,0.9491,0.7588,1.387,98.3,1.0,1.387,1.387
1786116607.607,S3,reserve,336,obs,0.9416,0.9332,1.044,103.3,1.348,1.044,1.044
1786116607.607,S3,search,508,obs,0.9491,3.5769,4.655,100.9,4.019,4.655,4.655
1786116608.607,S1,recommend,0,prior,0.0,,,,1.24,,1.24
1786116608.607,S1,reserve,0,prior,0.0,,,,1.658,,1.658
1786116608.607,S1,search,0,prior,0.0,,,,6.899,,6.899
1786116608.607,S2,recommend,0,prior,0.0,,,,0.975,,0.975
1786116608.607,S2,reserve,0,prior,0.0,,,,1.332,,1.332
1786116608.607,S2,search,0,prior,0.0,,,,4.287,,4.287
1786116608.607,S3,recommend,678,obs,0.9491,0.7771,1.46,100.8,1.0,1.46,1.46
1786116608.607,S3,reserve,338,obs,0.9491,0.9149,1.018,98.3,1.348,1.018,1.018
1786116608.607,S3,search,507,obs,0.9487,3.5777,4.616,96.5,4.019,4.616,4.616
1786116609.607,S1,recommend,0,prior,0.0,,,,1.24,,1.24
1786116609.607,S1,reserve,0,prior,0.0,,,,1.658,,1.658
1786116609.607,S1,search,0,prior,0.0,,,,6.899,,6.899
1786116609.607,S2,recommend,0,prior,0.0,,,,0.975,,0.975
1786116609.607,S2,reserve,0,prior,0.0,,,,1.332,,1.332
1786116609.607,S2,search,0,prior,0.0,,,,4.287,,4.287
1786116609.607,S3,recommend,676,obs,0.9491,0.7305,1.435,95.9,1.0,1.435,1.435
1786116609.607,S3,reserve,340,obs,0.9529,0.8258,1.028,93.3,1.348,1.028,1.028
1786116609.607,S3,search,510,obs,0.9491,3.5134,4.532,98.3,4.019,4.532,4.532
1786116610.607,S1,recommend,0,prior,0.0,,,,1.24,,1.24
1786116610.607,S1,reserve,0,prior,0.0,,,,1.658,,1.658
1786116610.607,S1,search,0,prior,0.0,,,,6.899,,6.899
1786116610.607,S2,recommend,0,prior,0.0,,,,0.975,,0.975
1786116610.607,S2,reserve,0,prior,0.0,,,,1.332,,1.332
1786116610.607,S2,search,0,prior,0.0,,,,4.287,,4.287
1786116610.607,S3,recommend,676,obs,0.9504,0.7014,1.435,98.3,1.0,1.435,1.435
1786116610.607,S3,reserve,342,obs,0.9491,0.848,1.15,95.8,1.348,1.15,1.15
1786116610.607,S3,search,506,obs,0.9441,3.4667,4.438,103.3,4.019,4.438,4.438
1786116611.607,S1,recommend,0,prior,0.0,,,,1.24,,1.24
1786116611.607,S1,reserve,0,prior,0.0,,,,1.658,,1.658
1786116611.607,S1,search,0,prior,0.0,,,,6.899,,6.899
1786116611.607,S2,recommend,0,prior,0.0,,,,0.975,,0.975
1786116611.607,S2,reserve,0,prior,0.0,,,,1.332,,1.332
1786116611.607,S2,search,0,prior,0.0,,,,4.287,,4.287
1786116611.607,S3,recommend,682,obs,0.9529,0.6909,1.388,93.3,1.0,1.388,1.388
1786116611.607,S3,reserve,339,obs,0.9488,0.8368,1.174,91.6,1.348,1.174,1.174
1786116611.607,S3,search,506,obs,0.9491,3.4476,4.584,98.3,4.019,4.584,4.584
1786116612.607,S1,recommend,0,prior,0.0,,,,1.24,,1.24
1786116612.607,S1,reserve,0,prior,0.0,,,,1.658,,1.658
1786116612.607,S1,search,0,prior,0.0,,,,6.899,,6.899
1786116612.607,S2,recommend,0,prior,0.0,,,,0.975,,0.975
1786116612.607,S2,reserve,0,prior,0.0,,,,1.332,,1.332
1786116612.607,S2,search,0,prior,0.0,,,,4.287,,4.287
1786116612.607,S3,recommend,679,obs,0.9513,0.6998,1.323,91.5,1.0,1.323,1.323
1786116612.607,S3,reserve,338,obs,0.9491,0.809,1.046,100.8,1.348,1.046,1.046
1786116612.607,S3,search,510,obs,0.9516,3.4729,4.644,93.3,4.019,4.644,4.644
1786116613.607,S1,recommend,0,prior,0.0,,,,1.24,,1.24
1786116613.607,S1,reserve,0,prior,0.0,,,,1.658,,1.658
1786116613.607,S1,search,0,prior,0.0,,,,6.899,,6.899
1786116613.607,S2,recommend,0,prior,0.0,,,,0.975,,0.975
1786116613.607,S2,reserve,0,prior,0.0,,,,1.332,,1.332
1786116613.607,S2,search,0,prior,0.0,,,,4.287,,4.287
1786116613.607,S3,recommend,680,obs,0.9528,0.6939,1.291,90.8,1.0,1.291,1.291
1786116613.607,S3,reserve,338,obs,0.9491,0.8027,1.025,95.8,1.348,1.025,1.025
1786116613.607,S3,search,510,obs,0.9529,3.4705,4.485,93.3,4.019,4.485,4.485
1786116614.607,S1,recommend,0,prior,0.0,,,,1.24,,1.24
1786116614.607,S1,reserve,0,prior,0.0,,,,1.658,,1.658
1786116614.607,S1,search,0,prior,0.0,,,,6.899,,6.899
1786116614.607,S2,recommend,0,prior,0.0,,,,0.975,,0.975
1786116614.607,S2,reserve,0,prior,0.0,,,,1.332,,1.332
1786116614.607,S2,search,0,prior,0.0,,,,4.287,,4.287
1786116614.607,S3,recommend,676,obs,0.9529,0.7064,1.323,93.3,1.0,1.323,1.323
1786116614.607,S3,reserve,342,obs,0.9528,0.8146,1.118,90.8,1.348,1.118,1.118
1786116614.607,S3,search,510,obs,0.9491,3.4859,4.583,95.8,4.019,4.583,4.583
1786116615.607,S1,recommend,0,prior,0.0,,,,1.24,,1.24
1786116615.607,S1,reserve,0,prior,0.0,,,,1.658,,1.658
1786116615.607,S1,search,0,prior,0.0,,,,6.899,,6.899
1786116615.607,S2,recommend,0,prior,0.0,,,,0.975,,0.975
1786116615.607,S2,reserve,0,prior,0.0,,,,1.332,,1.332
1786116615.607,S2,search,0,prior,0.0,,,,4.287,,4.287
1786116615.607,S3,recommend,680,obs,0.9541,0.7133,1.357,88.3,1.0,1.357,1.357
1786116615.607,S3,reserve,342,obs,0.9491,0.8518,1.22,93.3,1.348,1.22,1.22
1786116615.607,S3,search,507,obs,0.9537,3.4989,4.619,91.6,4.019,4.619,4.619
1786116616.607,S1,recommend,0,prior,0.0,,,,1.24,,1.24
1786116616.607,S1,reserve,0,prior,0.0,,,,1.658,,1.658
1786116616.607,S1,search,0,prior,0.0,,,,6.899,,6.899
1786116616.607,S2,recommend,0,prior,0.0,,,,0.975,,0.975
1786116616.607,S2,reserve,0,prior,0.0,,,,1.332,,1.332
1786116616.607,S2,search,0,prior,0.0,,,,4.287,,4.287
1786116616.607,S3,recommend,682,obs,0.9525,0.7471,1.377,90.9,1.0,1.377,1.377
1786116616.607,S3,reserve,338,obs,0.9491,0.8652,1.292,88.3,1.348,1.292,1.292
1786116616.607,S3,search,510,obs,0.9516,3.5751,4.79,95.8,4.019,4.79,4.79
1786116617.607,S1,recommend,0,prior,0.0,,,,1.24,,1.24
1786116617.607,S1,reserve,0,prior,0.0,,,,1.658,,1.658
1786116617.607,S1,search,0,prior,0.0,,,,6.899,,6.899
1786116617.607,S2,recommend,0,prior,0.0,,,,0.975,,0.975
1786116617.607,S2,reserve,0,prior,0.0,,,,1.332,,1.332
1786116617.607,S2,search,0,prior,0.0,,,,4.287,,4.287
1786116617.607,S3,recommend,684,obs,0.9566,0.8468,1.619,85.8,1.0,1.619,1.619
1786116617.607,S3,reserve,338,obs,0.9492,0.8941,1.185,98.3,1.348,1.185,1.185
1786116617.607,S3,search,510,obs,0.9516,3.6748,4.929,90.8,4.019,4.929,4.929
1786116618.607,S1,recommend,0,prior,0.0,,,,1.24,,1.24
1786116618.607,S1,reserve,0,prior,0.0,,,,1.658,,1.658
1786116618.607,S1,search,0,prior,0.0,,,,6.899,,6.899
1786116618.607,S2,recommend,0,prior,0.0,,,,0.975,,0.975
1786116618.607,S2,reserve,0,prior,0.0,,,,1.332,,1.332
1786116618.607,S2,search,0,prior,0.0,,,,4.287,,4.287
1786116618.607,S3,recommend,678,obs,0.9529,0.8093,1.52,88.3,1.0,1.52,1.52
1786116618.607,S3,reserve,340,obs,0.9529,0.8891,1.15,93.3,1.348,1.15,1.15
1786116618.607,S3,search,512,obs,0.9528,3.6077,4.804,90.8,4.019,4.804,4.804
1786116619.607,S1,recommend,0,prior,0.0,,,,1.24,,1.24
1786116619.607,S1,reserve,0,prior,0.0,,,,1.658,,1.658
1786116619.607,S1,search,0,prior,0.0,,,,6.899,,6.899
1786116619.607,S2,recommend,0,prior,0.0,,,,0.975,,0.975
1786116619.607,S2,reserve,0,prior,0.0,,,,1.332,,1.332
1786116619.607,S2,search,0,prior,0.0,,,,4.287,,4.287
1786116619.607,S3,recommend,679,obs,0.9575,0.7004,1.414,84.1,1.0,1.414,1.414
1786116619.607,S3,reserve,344,obs,0.9529,0.8223,1.049,88.3,1.348,1.049,1.049
1786116619.607,S3,search,509,obs,0.9525,3.4821,4.606,86.5,4.019,4.606,4.606
1786116620.607,S1,recommend,0,prior,0.0,,,,1.24,,1.24
1786116620.607,S1,reserve,0,prior,0.0,,,,1.658,,1.658
1786116620.607,S1,search,0,prior,0.0,,,,6.899,,6.899
1786116620.607,S2,recommend,0,prior,0.0,,,,0.975,,0.975
1786116620.607,S2,reserve,0,prior,0.0,,,,1.332,,1.332
1786116620.607,S2,search,0,prior,0.0,,,,4.287,,4.287
1786116620.607,S3,recommend,684,obs,0.9566,0.7048,1.359,85.8,1.0,1.359,1.359
1786116620.607,S3,reserve,342,obs,0.9529,0.8109,1.043,83.3,1.348,1.043,1.043
1786116620.607,S3,search,508,obs,0.9541,3.4733,4.493,88.3,4.019,4.493,4.493
1786116621.607,S1,recommend,0,prior,0.0,,,,1.24,,1.24
1786116621.607,S1,reserve,0,prior,0.0,,,,1.658,,1.658
1786116621.607,S1,search,0,prior,0.0,,,,6.899,,6.899
1786116621.607,S2,recommend,0,prior,0.0,,,,0.975,,0.975
1786116621.607,S2,reserve,0,prior,0.0,,,,1.332,,1.332
1786116621.607,S2,search,0,prior,0.0,,,,4.287,,4.287
1786116621.607,S3,recommend,682,obs,0.9529,0.695,1.288,88.3,1.0,1.288,1.288
1786116621.607,S3,reserve,340,obs,0.9566,0.7999,0.999,85.8,1.348,0.999,0.999
1786116621.607,S3,search,510,obs,0.9516,3.4692,4.572,93.3,4.019,4.572,4.572
1786116622.608,S1,recommend,0,prior,0.0,,,,1.24,,1.24
1786116622.608,S1,reserve,0,prior,0.0,,,,1.658,,1.658
1786116622.608,S1,search,0,prior,0.0,,,,6.899,,6.899
1786116622.608,S2,recommend,0,prior,0.0,,,,0.975,,0.975
1786116622.608,S2,reserve,0,prior,0.0,,,,1.332,,1.332
1786116622.608,S2,search,0,prior,0.0,,,,4.287,,4.287
1786116622.608,S3,recommend,684,obs,0.9566,0.7002,1.357,83.3,1.0,1.357,1.357
1786116622.608,S3,reserve,340,obs,0.9566,0.7852,0.962,80.8,1.348,0.962,0.962
1786116622.608,S3,search,512,obs,0.9554,3.4894,4.562,88.3,4.019,4.562,4.562
1786116623.607,S1,recommend,0,prior,0.0,,,,1.24,,1.24
1786116623.607,S1,reserve,0,prior,0.0,,,,1.658,,1.658
1786116623.607,S1,search,0,prior,0.0,,,,6.899,,6.899
1786116623.607,S2,recommend,0,prior,0.0,,,,0.975,,0.975
1786116623.607,S2,reserve,0,prior,0.0,,,,1.332,,1.332
1786116623.607,S2,search,0,prior,0.0,,,,4.287,,4.287
1786116623.607,S3,recommend,681,obs,0.96,0.715,1.354,79.0,1.0,1.354,1.354
1786116623.607,S3,reserve,342,obs,0.9528,0.8037,1.077,90.8,1.348,1.077,1.077
1786116623.607,S3,search,514,obs,0.9554,3.509,4.542,83.3,4.019,4.542,4.542
1786116624.607,S1,recommend,0,prior,0.0,,,,1.24,,1.24
1786116624.607,S1,reserve,0,prior,0.0,,,,1.658,,1.658
1786116624.607,S1,search,0,prior,0.0,,,,6.899,,6.899
1786116624.607,S2,recommend,0,prior,0.0,,,,0.975,,0.975
1786116624.607,S2,reserve,0,prior,0.0,,,,1.332,,1.332
1786116624.607,S2,search,0,prior,0.0,,,,4.287,,4.287
1786116624.607,S3,recommend,682,obs,0.9575,0.7305,1.413,80.8,1.0,1.413,1.413
1786116624.607,S3,reserve,346,obs,0.9566,0.8515,1.203,78.3,1.348,1.203,1.203
1786116624.607,S3,search,510,obs,0.9578,3.5889,4.675,83.3,4.019,4.675,4.675
1786116625.607,S1,recommend,0,prior,0.0,,,,1.24,,1.24
1786116625.607,S1,reserve,0,prior,0.0,,,,1.658,,1.658
1786116625.607,S1,search,0,prior,0.0,,,,6.899,,6.899
1786116625.607,S2,recommend,0,prior,0.0,,,,0.975,,0.975
1786116625.607,S2,reserve,0,prior,0.0,,,,1.332,,1.332
1786116625.607,S2,search,0,prior,0.0,,,,4.287,,4.287
1786116625.607,S3,recommend,687,obs,0.9596,0.7257,1.412,76.6,1.0,1.412,1.412
1786116625.607,S3,reserve,340,obs,0.9529,0.838,1.091,80.8,1.348,1.091,1.091
1786116625.607,S3,search,512,obs,0.9566,3.5965,4.738,85.8,4.019,4.738,4.738
1786116626.607,S1,recommend,0,prior,0.0,,,,1.24,,1.24
1786116626.607,S1,reserve,0,prior,0.0,,,,1.658,,1.658
1786116626.607,S1,search,0,prior,0.0,,,,6.899,,6.899
1786116626.607,S2,recommend,0,prior,0.0,,,,0.975,,0.975
1786116626.607,S2,reserve,0,prior,0.0,,,,1.332,,1.332
1786116626.607,S2,search,0,prior,0.0,,,,4.287,,4.287
1786116626.607,S3,recommend,686,obs,0.9604,0.7208,1.363,78.3,1.0,1.363,1.363
1786116626.607,S3,reserve,340,obs,0.9567,0.8012,1.022,83.3,1.348,1.022,1.022
1786116626.607,S3,search,512,obs,0.9562,3.4869,4.55,80.8,4.019,4.55,4.55
1786116627.607,S1,recommend,0,prior,0.0,,,,1.24,,1.24
1786116627.607,S1,reserve,0,prior,0.0,,,,1.658,,1.658
1786116627.607,S1,search,0,prior,0.0,,,,6.899,,6.899
1786116627.607,S2,recommend,0,prior,0.0,,,,0.975,,0.975
1786116627.607,S2,reserve,0,prior,0.0,,,,1.332,,1.332
1786116627.607,S2,search,0,prior,0.0,,,,4.287,,4.287
1786116627.607,S3,recommend,682,obs,0.9566,0.7532,1.418,80.8,1.0,1.418,1.418
1786116627.607,S3,reserve,342,obs,0.9603,0.8933,1.024,78.3,1.348,1.024,1.024
1786116627.607,S3,search,515,obs,0.96,3.6086,4.572,76.5,4.019,4.572,4.572
1786116628.607,S1,recommend,0,prior,0.0,,,,1.24,,1.24
1786116628.607,S1,reserve,0,prior,0.0,,,,1.658,,1.658
1786116628.607,S1,search,0,prior,0.0,,,,6.899,,6.899
1786116628.607,S2,recommend,0,prior,0.0,,,,0.975,,0.975
1786116628.607,S2,reserve,0,prior,0.0,,,,1.332,,1.332
1786116628.607,S2,search,0,prior,0.0,,,,4.287,,4.287
1786116628.607,S3,recommend,682,obs,0.9613,0.7277,1.398,75.7,1.0,1.398,1.398
1786116628.607,S3,reserve,346,obs,0.9604,0.8933,1.058,73.2,1.348,1.058,1.058
1786116628.607,S3,search,514,obs,0.9566,3.6112,4.571,78.3,4.019,4.571,4.571
1786116629.607,S1,recommend,0,prior,0.0,,,,1.24,,1.24
1786116629.607,S1,reserve,0,prior,0.0,,,,1.658,,1.658
1786116629.607,S1,search,0,prior,0.0,,,,6.899,,6.899
1786116629.607,S2,recommend,0,prior,0.0,,,,0.975,,0.975
1786116629.607,S2,reserve,0,prior,0.0,,,,1.332,,1.332
1786116629.607,S2,search,0,prior,0.0,,,,4.287,,4.287
1786116629.607,S3,recommend,686,obs,0.9604,0.7003,1.385,78.3,1.0,1.385,1.385
1786116629.607,S3,reserve,344,obs,0.9566,0.7965,1.032,75.7,1.348,1.032,1.032
1786116629.607,S3,search,510,obs,0.9578,3.4588,4.469,80.8,4.019,4.469,4.469
1786116630.607,S1,recommend,0,prior,0.0,,,,1.24,,1.24
1786116630.607,S1,reserve,0,prior,0.0,,,,1.658,,1.658
1786116630.607,S1,search,0,prior,0.0,,,,6.899,,6.899
1786116630.607,S2,recommend,0,prior,0.0,,,,0.975,,0.975
1786116630.607,S2,reserve,0,prior,0.0,,,,1.332,,1.332
1786116630.607,S2,search,0,prior,0.0,,,,4.287,,4.287
1786116630.607,S3,recommend,688,obs,0.9604,0.711,1.368,73.2,1.0,1.368,1.368
1786116630.607,S3,reserve,342,obs,0.9642,0.8025,1.032,70.7,1.348,1.032,1.032
1786116630.607,S3,search,514,obs,0.9591,3.475,4.471,78.3,4.019,4.471,4.471
1786116631.607,S1,recommend,0,prior,0.0,,,,1.24,,1.24
1786116631.607,S1,reserve,0,prior,0.0,,,,1.658,,1.658
1786116631.607,S1,search,0,prior,0.0,,,,6.899,,6.899
1786116631.607,S2,recommend,0,prior,0.0,,,,0.975,,0.975
1786116631.607,S2,reserve,0,prior,0.0,,,,1.332,,1.332
1786116631.607,S2,search,0,prior,0.0,,,,4.287,,4.287
1786116631.607,S3,recommend,689,obs,0.9634,0.7096,1.369,69.0,1.0,1.369,1.369
1786116631.607,S3,reserve,340,obs,0.9566,0.8088,1.028,80.8,1.348,1.028,1.028
1786116631.607,S3,search,516,obs,0.9629,3.4975,4.594,73.3,4.019,4.594,4.594
1786116632.607,S1,recommend,0,prior,0.0,,,,1.24,,1.24
1786116632.607,S1,reserve,0,prior,0.0,,,,1.658,,1.658
1786116632.607,S1,search,0,prior,0.0,,,,6.899,,6.899
1786116632.607,S2,recommend,0,prior,0.0,,,,0.975,,0.975
1786116632.607,S2,reserve,0,prior,0.0,,,,1.332,,1.332
1786116632.607,S2,search,0,prior,0.0,,,,4.287,,4.287
1786116632.607,S3,recommend,684,obs,0.9641,0.7295,1.489,70.8,1.0,1.489,1.489
1786116632.607,S3,reserve,344,obs,0.9603,0.8114,1.011,75.8,1.348,1.011,1.011
1786116632.607,S3,search,516,obs,0.9604,3.5082,4.598,73.3,4.019,4.598,4.598
1786116633.607,S1,recommend,0,prior,0.0,,,,1.24,,1.24
1786116633.607,S1,reserve,0,prior,0.0,,,,1.658,,1.658
1786116633.607,S1,search,0,prior,0.0,,,,6.899,,6.899
1786116633.607,S2,recommend,0,prior,0.0,,,,0.975,,0.975
1786116633.607,S2,reserve,0,prior,0.0,,,,1.332,,1.332
1786116633.607,S2,search,0,prior,0.0,,,,4.287,,4.287
1786116633.607,S3,recommend,684,obs,0.9616,0.7073,1.294,73.2,1.0,1.294,1.294
1786116633.607,S3,reserve,348,obs,0.9603,0.8241,1.012,70.8,1.348,1.012,1.012
1786116633.607,S3,search,512,obs,0.9616,3.5138,4.554,75.8,4.019,4.554,4.554
1786116634.607,S1,recommend,0,prior,0.0,,,,1.24,,1.24
1786116634.607,S1,reserve,0,prior,0.0,,,,1.658,,1.658
1786116634.607,S1,search,0,prior,0.0,,,,6.899,,6.899
1786116634.607,S2,recommend,0,prior,0.0,,,,0.975,,0.975
1786116634.607,S2,reserve,0,prior,0.0,,,,1.332,,1.332
1786116634.607,S2,search,0,prior,0.0,,,,4.287,,4.287
1786116634.607,S3,recommend,690,obs,0.9638,0.6922,1.206,68.3,1.0,1.206,1.206
1786116634.607,S3,reserve,344,obs,0.9603,0.824,1.012,65.8,1.348,1.012,1.012
1786116634.607,S3,search,514,obs,0.9641,3.5021,4.515,70.8,4.019,4.515,4.515
1786116635.607,S1,recommend,0,prior,0.0,,,,1.24,,1.24
1786116635.607,S1,reserve,0,prior,0.0,,,,1.658,,1.658
1786116635.607,S1,search,0,prior,0.0,,,,6.899,,6.899
1786116635.607,S2,recommend,0,prior,0.0,,,,0.975,,0.975
1786116635.607,S2,reserve,0,prior,0.0,,,,1.332,,1.332
1786116635.607,S2,search,0,prior,0.0,,,,4.287,,4.287
1786116635.607,S3,recommend,691,obs,0.9675,0.7184,1.371,64.0,1.0,1.371,1.371
1786116635.607,S3,reserve,342,obs,0.9641,0.8034,0.99,68.3,1.348,0.99,0.99
1786116635.607,S3,search,514,obs,0.9591,3.498,4.504,75.7,4.019,4.504,4.504
1786116636.607,S1,recommend,0,prior,0.0,,,,1.24,,1.24
1786116636.607,S1,reserve,0,prior,0.0,,,,1.658,,1.658
1786116636.607,S1,search,0,prior,0.0,,,,6.899,,6.899
1786116636.607,S2,recommend,0,prior,0.0,,,,0.975,,0.975
1786116636.607,S2,reserve,0,prior,0.0,,,,1.332,,1.332
1786116636.607,S2,search,0,prior,0.0,,,,4.287,,4.287
1786116636.607,S3,recommend,688,obs,0.9641,0.7327,1.451,65.7,1.0,1.451,1.451
1786116636.607,S3,reserve,343,obs,0.9675,0.8955,1.234,64.0,1.348,1.234,1.234
1786116636.607,S3,search,518,obs,0.9629,3.6409,4.55,70.7,4.019,4.55,4.55
1786116637.607,S1,recommend,0,prior,0.0,,,,1.24,,1.24
1786116637.607,S1,reserve,0,prior,0.0,,,,1.658,,1.658
1786116637.607,S1,search,0,prior,0.0,,,,6.899,,6.899
1786116637.607,S2,recommend,0,prior,0.0,,,,0.975,,0.975
1786116637.607,S2,reserve,0,prior,0.0,,,,1.332,,1.332
1786116637.607,S2,search,0,prior,0.0,,,,4.287,,4.287
1786116637.607,S3,recommend,686,obs,0.9679,0.7115,1.399,63.3,1.0,1.399,1.399
1786116637.607,S3,reserve,346,obs,0.9604,0.9004,1.31,73.2,1.348,1.31,1.31
1786116637.607,S3,search,518,obs,0.9629,3.6421,4.762,65.7,4.019,4.762,4.762
1786116638.607,S1,recommend,0,prior,0.0,,,,1.24,,1.24
1786116638.607,S1,reserve,0,prior,0.0,,,,1.658,,1.658
1786116638.607,S1,search,0,prior,0.0,,,,6.899,,6.899
1786116638.607,S2,recommend,0,prior,0.0,,,,0.975,,0.975
1786116638.607,S2,reserve,0,prior,0.0,,,,1.332,,1.332
1786116638.607,S2,search,0,prior,0.0,,,,4.287,,4.287
1786116638.607,S3,recommend,690,obs,0.9679,0.7041,1.316,63.2,1.0,1.316,1.316
1786116638.607,S3,reserve,346,obs,0.9604,0.8253,1.165,68.2,1.348,1.165,1.165
1786116638.607,S3,search,514,obs,0.9654,3.5204,4.709,65.7,4.019,4.709,4.709
1786116639.607,S1,recommend,0,prior,0.0,,,,1.24,,1.24
1786116639.607,S1,reserve,0,prior,0.0,,,,1.658,,1.658
1786116639.607,S1,search,0,prior,0.0,,,,6.899,,6.899
1786116639.607,S2,recommend,0,prior,0.0,,,,0.975,,0.975
1786116639.607,S2,reserve,0,prior,0.0,,,,1.332,,1.332
1786116639.607,S2,search,0,prior,0.0,,,,4.287,,4.287
1786116639.607,S3,recommend,690,obs,0.9642,0.7004,1.303,65.7,1.0,1.303,1.303
1786116639.607,S3,reserve,344,obs,0.9679,0.8306,1.181,63.2,1.348,1.181,1.181
1786116639.607,S3,search,516,obs,0.9641,3.5057,4.545,68.2,4.019,4.545,4.545
1786116640.607,S1,recommend,0,prior,0.0,,,,1.24,,1.24
1786116640.607,S1,reserve,0,prior,0.0,,,,1.658,,1.658
1786116640.607,S1,search,0,prior,0.0,,,,6.899,,6.899
1786116640.607,S2,recommend,0,prior,0.0,,,,0.975,,0.975
1786116640.607,S2,reserve,0,prior,0.0,,,,1.332,,1.332
1786116640.607,S2,search,0,prior,0.0,,,,4.287,,4.287
1786116640.607,S3,recommend,692,obs,0.9675,0.7011,1.327,60.7,1.0,1.327,1.327
1786116640.607,S3,reserve,344,obs,0.9679,0.8178,1.069,58.2,1.348,1.069,1.069
1786116640.607,S3,search,518,obs,0.9678,3.5052,4.615,63.2,4.019,4.615,4.615
1786116641.607,S1,recommend,0,prior,0.0,,,,1.24,,1.24
1786116641.607,S1,reserve,0,prior,0.0,,,,1.658,,1.658
1786116641.607,S1,search,0,prior,0.0,,,,6.899,,6.899
1786116641.607,S2,recommend,0,prior,0.0,,,,0.975,,0.975
1786116641.607,S2,reserve,0,prior,0.0,,,,1.332,,1.332
1786116641.607,S2,search,0,prior,0.0,,,,4.287,,4.287
1786116641.607,S3,recommend,688,obs,0.9678,0.7109,1.374,63.2,1.0,1.374,1.374
1786116641.607,S3,reserve,346,obs,0.9679,0.831,1.159,60.7,1.348,1.159,1.159
1786116641.607,S3,search,518,obs,0.9629,3.4805,4.405,68.2,4.019,4.405,4.405
1786116642.607,S1,recommend,0,prior,0.0,,,,1.24,,1.24
1786116642.607,S1,reserve,0,prior,0.0,,,,1.658,,1.658
1786116642.607,S1,search,0,prior,0.0,,,,6.899,,6.899
1786116642.607,S2,recommend,0,prior,0.0,,,,0.975,,0.975
1786116642.607,S2,reserve,0,prior,0.0,,,,1.332,,1.332
1786116642.607,S2,search,0,prior,0.0,,,,4.287,,4.287
1786116642.607,S3,recommend,690,obs,0.9691,0.6961,1.305,58.2,1.0,1.305,1.305
1786116642.607,S3,reserve,349,obs,0.9675,0.8463,1.193,56.4,1.348,1.193,1.193
1786116642.607,S3,search,516,obs,0.9678,3.4415,4.416,63.3,4.019,4.416,4.416
1786116643.607,S1,recommend,0,prior,0.0,,,,1.24,,1.24
1786116643.607,S1,reserve,0,prior,0.0,,,,1.658,,1.658
1786116643.607,S1,search,0,prior,0.0,,,,6.899,,6.899
1786116643.607,S2,recommend,0,prior,0.0,,,,0.975,,0.975
1786116643.607,S2,reserve,0,prior,0.0,,,,1.332,,1.332
1786116643.607,S2,search,0,prior,0.0,,,,4.287,,4.287
1786116643.607,S3,recommend,694,obs,0.9704,0.6985,1.313,55.7,1.0,1.313,1.313
1786116643.607,S3,reserve,344,obs,0.9603,0.8205,1.038,65.7,1.348,1.038,1.038
1786116643.607,S3,search,518,obs,0.9704,3.4523,4.413,58.2,4.019,4.413,4.413
1786116644.607,S1,recommend,0,prior,0.0,,,,1.24,,1.24
1786116644.607,S1,reserve,0,prior,0.0,,,,1.658,,1.658
1786116644.607,S1,search,0,prior,0.0,,,,6.899,,6.899
1786116644.607,S2,recommend,0,prior,0.0,,,,0.975,,0.975
1786116644.607,S2,reserve,0,prior,0.0,,,,1.332,,1.332
1786116644.607,S2,search,0,prior,0.0,,,,4.287,,4.287
1786116644.607,S3,recommend,694,obs,0.9716,0.7308,1.509,55.7,1.0,1.509,1.509
1786116644.607,S3,reserve,344,obs,0.9679,0.8182,1.076,60.7,1.348,1.076,1.076
1786116644.607,S3,search,518,obs,0.9679,3.4871,4.455,58.2,4.019,4.455,4.455
1786116645.607,S1,recommend,0,prior,0.0,,,,1.24,,1.24
1786116645.607,S1,reserve,0,prior,0.0,,,,1.658,,1.658
1786116645.607,S1,search,0,prior,0.0,,,,6.899,,6.899
1786116645.607,S2,recommend,0,prior,0.0,,,,0.975,,0.975
1786116645.607,S2,reserve,0,prior,0.0,,,,1.332,,1.332
1786116645.607,S2,search,0,prior,0.0,,,,4.287,,4.287
1786116645.607,S3,recommend,690,obs,0.9679,0.7248,1.478,58.1,1.0,1.478,1.478
1786116645.607,S3,reserve,346,obs,0.9716,0.8374,1.2,55.7,1.348,1.2,1.2
1786116645.607,S3,search,520,obs,0.9678,3.4921,4.487,60.7,4.019,4.487,4.487
1786116646.607,S1,recommend,0,prior,0.0,,,,1.24,,1.24
1786116646.607,S1,reserve,0,prior,0.0,,,,1.658,,1.658
1786116646.607,S1,search,0,prior,0.0,,,,6.899,,6.899
1786116646.607,S2,recommend,0,prior,0.0,,,,0.975,,0.975
1786116646.607,S2,reserve,0,prior,0.0,,,,1.332,,1.332
1786116646.607,S2,search,0,prior,0.0,,,,4.287,,4.287
1786116646.607,S3,recommend,690,obs,0.9729,0.6953,1.385,53.2,1.0,1.385,1.385
1786116646.607,S3,reserve,348,obs,0.9679,0.8318,1.094,58.2,1.348,1.094,1.094
1786116646.607,S3,search,520,obs,0.9679,3.4662,4.487,55.7,4.019,4.487,4.487
1786116647.607,S1,recommend,0,prior,0.0,,,,1.24,,1.24
1786116647.607,S1,reserve,0,prior,0.0,,,,1.658,,1.658
1786116647.607,S1,search,0,prior,0.0,,,,6.899,,6.899
1786116647.607,S2,recommend,0,prior,0.0,,,,0.975,,0.975
1786116647.607,S2,reserve,0,prior,0.0,,,,1.332,,1.332
1786116647.607,S2,search,0,prior,0.0,,,,4.287,,4.287
1786116647.607,S3,recommend,694,obs,0.9716,0.6947,1.31,55.7,1.0,1.31,1.31
1786116647.607,S3,reserve,348,obs,0.9679,0.8367,1.111,53.2,1.348,1.111,1.111
1786116647.607,S3,search,516,obs,0.9679,3.4703,4.564,60.7,4.019,4.564,4.564
1786116648.607,S1,recommend,0,prior,0.0,,,,1.24,,1.24
1786116648.607,S1,reserve,0,prior,0.0,,,,1.658,,1.658
1786116648.607,S1,search,0,prior,0.0,,,,6.899,,6.899
1786116648.607,S2,recommend,0,prior,0.0,,,,0.975,,0.975
1786116648.607,S2,reserve,0,prior,0.0,,,,1.332,,1.332
1786116648.607,S2,search,0,prior,0.0,,,,4.287,,4.287
1786116648.607,S3,recommend,696,obs,0.9716,0.7078,1.356,50.7,1.0,1.356,1.356
1786116648.607,S3,reserve,344,obs,0.9679,0.827,1.059,63.2,1.348,1.059,1.059
1786116648.607,S3,search,520,obs,0.9703,3.4803,4.494,55.7,4.019,4.494,4.494
1786116649.607,S1,recommend,0,prior,0.0,,,,1.24,,1.24
1786116649.607,S1,reserve,0,prior,0.0,,,,1.658,,1.658
1786116649.607,S1,search,0,prior,0.0,,,,6.899,,6.899
1786116649.607,S2,recommend,0,prior,0.0,,,,0.975,,0.975
1786116649.607,S2,reserve,0,prior,0.0,,,,1.332,,1.332
1786116649.607,S2,search,0,prior,0.0,,,,4.287,,4.287
1786116649.607,S3,recommend,695,obs,0.9737,0.7021,1.378,49.0,1.0,1.378,1.378
1786116649.607,S3,reserve,344,obs,0.9679,0.822,1.077,58.2,1.348,1.077,1.077
1786116649.607,S3,search,521,obs,0.9738,3.4753,4.447,51.4,4.019,4.447,4.447
1786116650.607,S1,recommend,0,prior,0.0,,,,1.24,,1.24
1786116650.607,S1,reserve,0,prior,0.0,,,,1.658,,1.658
1786116650.607,S1,search,0,prior,0.0,,,,6.899,,6.899
1786116650.607,S2,recommend,0,prior,0.0,,,,0.975,,0.975
1786116650.607,S2,reserve,0,prior,0.0,,,,1.332,,1.332
1786116650.607,S2,search,0,prior,0.0,,,,4.287,,4.287
1786116650.607,S3,recommend,692,obs,0.9754,0.7132,1.378,48.2,1.0,1.378,1.378
1786116650.607,S3,reserve,348,obs,0.9716,0.8177,1.099,53.2,1.348,1.099,1.099
1786116650.607,S3,search,522,obs,0.9716,3.5087,4.454,50.7,4.019,4.454,4.454
1786116651.607,S1,recommend,0,prior,0.0,,,,1.24,,1.24
1786116651.607,S1,reserve,0,prior,0.0,,,,1.658,,1.658
1786116651.607,S1,search,0,prior,0.0,,,,6.899,,6.899
1786116651.607,S2,recommend,0,prior,0.0,,,,0.975,,0.975
1786116651.607,S2,reserve,0,prior,0.0,,,,1.332,,1.332
1786116651.607,S2,search,0,prior,0.0,,,,4.287,,4.287
1786116651.607,S3,recommend,692,obs,0.9729,0.7382,1.447,50.7,1.0,1.447,1.447
1786116651.607,S3,reserve,352,obs,0.9716,0.8322,1.099,48.2,1.348,1.099,1.099
1786116651.607,S3,search,518,obs,0.9729,3.5301,4.553,53.2,4.019,4.553,4.553
1786116652.607,S1,recommend,0,prior,0.0,,,,1.24,,1.24
1786116652.607,S1,reserve,0,prior,0.0,,,,1.658,,1.658
1786116652.607,S1,search,0,prior,0.0,,,,6.899,,6.899
1786116652.607,S2,recommend,0,prior,0.0,,,,0.975,,0.975
1786116652.607,S2,reserve,0,prior,0.0,,,,1.332,,1.332
1786116652.607,S2,search,0,prior,0.0,,,,4.287,,4.287
1786116652.607,S3,recommend,698,obs,0.9754,0.7228,1.402,45.7,1.0,1.402,1.402
1786116652.607,S3,reserve,346,obs,0.9679,0.8461,1.185,50.7,1.348,1.185,1.185
1786116652.607,S3,search,518,obs,0.9704,3.5114,4.497,58.1,4.019,4.497,4.497
1786116653.607,S1,recommend,0,prior,0.0,,,,1.24,,1.24
1786116653.607,S1,reserve,0,prior,0.0,,,,1.658,,1.658
1786116653.607,S1,search,0,prior,0.0,,,,6.899,,6.899
1786116653.607,S2,recommend,0,prior,0.0,,,,0.975,,0.975
1786116653.607,S2,reserve,0,prior,0.0,,,,1.332,,1.332
1786116653.607,S2,search,0,prior,0.0,,,,4.287,,4.287
1786116653.607,S3,recommend,698,obs,0.9754,0.7143,1.426,48.2,1.0,1.426,1.426
1786116653.607,S3,reserve,346,obs,0.9754,0.8252,1.09,45.7,1.348,1.09,1.09
1786116653.607,S3,search,520,obs,0.9704,3.518,4.58,53.2,4.019,4.58,4.58
1786116654.607,S1,recommend,0,prior,0.0,,,,1.24,,1.24
1786116654.607,S1,reserve,0,prior,0.0,,,,1.658,,1.658
1786116654.607,S1,search,0,prior,0.0,,,,6.899,,6.899
1786116654.607,S2,recommend,0,prior,0.0,,,,0.975,,0.975
1786116654.607,S2,reserve,0,prior,0.0,,,,1.332,,1.332
1786116654.607,S2,search,0,prior,0.0,,,,4.287,,4.287
1786116654.607,S3,recommend,694,obs,0.9741,0.7117,1.457,45.7,1.0,1.457,1.457
1786116654.607,S3,reserve,346,obs,0.9716,0.8325,1.063,55.7,1.348,1.063,1.063
1786116654.607,S3,search,524,obs,0.9741,3.5264,4.618,48.2,4.019,4.618,4.618
1786116655.607,S1,recommend,0,prior,0.0,,,,1.24,,1.24
1786116655.607,S1,reserve,0,prior,0.0,,,,1.658,,1.658
1786116655.607,S1,search,0,prior,0.0,,,,6.899,,6.899
1786116655.607,S2,recommend,0,prior,0.0,,,,0.975,,0.975
1786116655.607,S2,reserve,0,prior,0.0,,,,1.332,,1.332
1786116655.607,S2,search,0,prior,0.0,,,,4.287,,4.287
1786116655.607,S3,recommend,692,obs,0.9766,0.7543,1.494,45.7,1.0,1.494,1.494
1786116655.607,S3,reserve,350,obs,0.9716,0.9078,1.139,50.7,1.348,1.139,1.139
1786116655.607,S3,search,522,obs,0.9713,3.6716,4.682,48.2,4.019,4.682,4.682
1786116656.607,S1,recommend,0,prior,0.0,,,,1.24,,1.24
1786116656.607,S1,reserve,0,prior,0.0,,,,1.658,,1.658
1786116656.607,S1,search,0,prior,0.0,,,,6.899,,6.899
1786116656.607,S2,recommend,0,prior,0.0,,,,0.975,,0.975
1786116656.607,S2,reserve,0,prior,0.0,,,,1.332,,1.332
1786116656.607,S2,search,0,prior,0.0,,,,4.287,,4.287
1786116656.607,S3,recommend,697,obs,0.9788,0.7484,1.455,41.4,1.0,1.455,1.455
1786116656.607,S3,reserve,350,obs,0.9716,0.8797,1.139,45.7,1.348,1.139,1.139
1786116656.607,S3,search,518,obs,0.9728,3.6267,4.584,50.7,4.019,4.584,4.584
1786116657.607,S1,recommend,0,prior,0.0,,,,1.24,,1.24
1786116657.607,S1,reserve,0,prior,0.0,,,,1.658,,1.658
1786116657.607,S1,search,0,prior,0.0,,,,6.899,,6.899
1786116657.607,S2,recommend,0,prior,0.0,,,,0.975,,0.975
1786116657.607,S2,reserve,0,prior,0.0,,,,1.332,,1.332
1786116657.607,S2,search,0,prior,0.0,,,,4.287,,4.287
1786116657.607,S3,recommend,698,obs,0.9754,0.724,1.401,43.1,1.0,1.401,1.401
1786116657.607,S3,reserve,348,obs,0.9791,0.8271,1.044,40.7,1.348,1.044,1.044
1786116657.607,S3,search,522,obs,0.9753,3.4716,4.51,45.7,4.019,4.51,4.51
1786116658.607,S1,recommend,0,prior,0.0,,,,1.24,,1.24
1786116658.607,S1,reserve,0,prior,0.0,,,,1.658,,1.658
1786116658.607,S1,search,0,prior,0.0,,,,6.899,,6.899
1786116658.607,S2,recommend,0,prior,0.0,,,,0.975,,0.975
1786116658.607,S2,reserve,0,prior,0.0,,,,1.332,,1.332
1786116658.607,S2,search,0,prior,0.0,,,,4.287,,4.287
1786116658.607,S3,recommend,698,obs,0.9754,0.7312,1.392,45.6,1.0,1.392,1.392
1786116658.607,S3,reserve,346,obs,0.9754,0.8382,1.06,43.2,1.348,1.06,1.06
1786116658.607,S3,search,522,obs,0.9741,3.4798,4.551,50.7,4.019,4.551,4.551
1786116659.607,S1,recommend,0,prior,0.0,,,,1.24,,1.24
1786116659.607,S1,reserve,0,prior,0.0,,,,1.658,,1.658
1786116659.607,S1,search,0,prior,0.0,,,,6.899,,6.899
1786116659.607,S2,recommend,0,prior,0.0,,,,0.975,,0.975
1786116659.607,S2,reserve,0,prior,0.0,,,,1.332,,1.332
1786116659.607,S2,search,0,prior,0.0,,,,4.287,,4.287
1786116659.607,S3,recommend,696,obs,0.9791,0.7118,1.365,40.7,1.0,1.365,1.365
1786116659.607,S3,reserve,348,obs,0.9716,0.8126,1.059,53.2,1.348,1.059,1.059
1786116659.607,S3,search,524,obs,0.9737,3.4512,4.402,45.7,4.019,4.402,4.402
1786116660.607,S1,recommend,0,prior,0.0,,,,1.24,,1.24
1786116660.607,S1,reserve,0,prior,0.0,,,,1.658,,1.658
1786116660.607,S1,search,0,prior,0.0,,,,6.899,,6.899
1786116660.607,S2,recommend,0,prior,0.0,,,,0.975,,0.975
1786116660.607,S2,reserve,0,prior,0.0,,,,1.332,,1.332
1786116660.607,S2,search,0,prior,0.0,,,,4.287,,4.287
1786116660.607,S3,recommend,694,obs,0.9766,0.6962,1.352,43.2,1.0,1.352,1.352
1786116660.607,S3,reserve,352,obs,0.9716,0.8342,1.202,48.2,1.348,1.202,1.202
1786116660.607,S3,search,522,obs,0.9791,3.4311,4.304,40.7,4.019,4.304,4.304
1786116661.607,S1,recommend,0,prior,0.0,,,,1.24,,1.24
1786116661.607,S1,reserve,0,prior,0.0,,,,1.658,,1.658
1786116661.607,S1,search,0,prior,0.0,,,,6.899,,6.899
1786116661.607,S2,recommend,0,prior,0.0,,,,0.975,,0.975
1786116661.607,S2,reserve,0,prior,0.0,,,,1.332,,1.332
1786116661.607,S2,search,0,prior,0.0,,,,4.287,,4.287
1786116661.607,S3,recommend,700,obs,0.9791,0.7164,1.397,38.1,1.0,1.397,1.397
1786116661.607,S3,reserve,349,obs,0.975,0.8471,1.219,36.4,1.348,1.219,1.219
1786116661.607,S3,search,522,obs,0.9791,3.4926,4.547,40.7,4.019,4.547,4.547
1786116662.607,S1,recommend,0,prior,0.0,,,,1.24,,1.24
1786116662.607,S1,reserve,0,prior,0.0,,,,1.658,,1.658
1786116662.607,S1,search,0,prior,0.0,,,,6.899,,6.899
1786116662.607,S2,recommend,0,prior,0.0,,,,0.975,,0.975
1786116662.607,S2,reserve,0,prior,0.0,,,,1.332,,1.332
1786116662.607,S2,search,0,prior,0.0,,,,4.287,,4.287
1786116662.607,S3,recommend,702,obs,0.9817,0.7269,1.43,35.6,1.0,1.43,1.43
1786116662.607,S3,reserve,346,obs,0.9754,0.8159,1.08,45.7,1.348,1.08,1.08
1786116662.607,S3,search,524,obs,0.9779,3.5048,4.513,38.1,4.019,4.513,4.513
1786116663.607,S1,recommend,0,prior,0.0,,,,1.24,,1.24
1786116663.607,S1,reserve,0,prior,0.0,,,,1.658,,1.658
1786116663.607,S1,search,0,prior,0.0,,,,6.899,,6.899
1786116663.607,S2,recommend,0,prior,0.0,,,,0.975,,0.975
1786116663.607,S2,reserve,0,prior,0.0,,,,1.332,,1.332
1786116663.607,S2,search,0,prior,0.0,,,,4.287,,4.287
1786116663.607,S3,recommend,698,obs,0.9791,0.6995,1.397,35.6,1.0,1.397,1.397
1786116663.607,S3,reserve,348,obs,0.9791,0.8143,1.022,40.7,1.348,1.022,1.022
1786116663.607,S3,search,526,obs,0.9791,3.467,4.438,38.1,4.019,4.438,4.438
1786116664.607,S1,recommend,0,prior,0.0,,,,1.24,,1.24
1786116664.607,S1,reserve,0,prior,0.0,,,,1.658,,1.658
1786116664.607,S1,search,0,prior,0.0,,,,6.899,,6.899
1786116664.607,S2,recommend,0,prior,0.0,,,,0.975,,0.975
1786116664.607,S2,reserve,0,prior,0.0,,,,1.332,,1.332
1786116664.607,S2,search,0,prior,0.0,,,,4.287,,4.287
1786116664.607,S3,recommend,696,obs,0.9804,0.6989,1.4,38.1,1.0,1.4,1.4
1786116664.607,S3,reserve,352,obs,0.9791,0.828,1.077,35.7,1.348,1.077,1.077
1786116664.607,S3,search,524,obs,0.9742,3.5147,4.585,43.1,4.019,4.585,4.585
1786116665.607,S1,recommend,0,prior,0.0,,,,1.24,,1.24
1786116665.607,S1,reserve,0,prior,0.0,,,,1.658,,1.658
1786116665.607,S1,search,0,prior,0.0,,,,6.899,,6.899
1786116665.607,S2,recommend,0,prior,0.0,,,,0.975,,0.975
1786116665.607,S2,reserve,0,prior,0.0,,,,1.332,,1.332
1786116665.607,S2,search,0,prior,0.0,,,,4.287,,4.287
1786116665.607,S3,recommend,700,obs,0.9829,0.6982,1.338,33.1,1.0,1.338,1.338
1786116665.607,S3,reserve,354,obs,0.9791,0.8188,1.077,30.7,1.348,1.077,1.077
1786116665.607,S3,search,522,obs,0.9803,3.4909,4.546,35.7,4.019,4.546,4.546
1786116666.607,S1,recommend,0,prior,0.0,,,,1.24,,1.24
1786116666.607,S1,reserve,0,prior,0.0,,,,1.658,,1.658
1786116666.607,S1,search,0,prior,0.0,,,,6.899,,6.899
1786116666.607,S2,recommend,0,prior,0.0,,,,0.975,,0.975
1786116666.607,S2,reserve,0,prior,0.0,,,,1.332,,1.332
1786116666.607,S2,search,0,prior,0.0,,,,4.287,,4.287
1786116666.607,S3,recommend,702,obs,0.9791,0.6922,1.294,35.7,1.0,1.294,1.294
1786116666.607,S3,reserve,350,obs,0.9829,0.8167,1.092,33.1,1.348,1.092,1.092
1786116666.607,S3,search,522,obs,0.9753,3.4591,4.544,45.7,4.019,4.544,4.544
1786116667.607,S1,recommend,0,prior,0.0,,,,1.24,,1.24
1786116667.607,S1,reserve,0,prior,0.0,,,,1.658,,1.658
1786116667.607,S1,search,0,prior,0.0,,,,6.899,,6.899
1786116667.607,S2,recommend,0,prior,0.0,,,,0.975,,0.975
1786116667.607,S2,reserve,0,prior,0.0,,,,1.332,,1.332
1786116667.607,S2,search,0,prior,0.0,,,,4.287,,4.287
1786116667.607,S3,recommend,704,obs,0.9828,0.7131,1.376,30.7,1.0,1.376,1.376
1786116667.607,S3,reserve,347,obs,0.9825,0.8151,1.05,28.9,1.348,1.05,1.05
1786116667.607,S3,search,526,obs,0.9813,3.5494,4.739,35.6,4.019,4.739,4.739
1786116668.607,S1,recommend,0,prior,0.0,,,,1.24,,1.24
1786116668.607,S1,reserve,0,prior,0.0,,,,1.658,,1.658
1786116668.607,S1,search,0,prior,0.0,,,,6.899,,6.899
1786116668.607,S2,recommend,0,prior,0.0,,,,0.975,,0.975
1786116668.607,S2,reserve,0,prior,0.0,,,,1.332,,1.332
1786116668.607,S2,search,0,prior,0.0,,,,4.287,,4.287
1786116668.607,S3,recommend,699,obs,0.985,0.713,1.357,28.9,1.0,1.357,1.357
1786116668.607,S3,reserve,350,obs,0.9791,0.8092,1.0,38.1,1.348,1.0,1.0
1786116668.607,S3,search,526,obs,0.9792,3.5389,4.712,35.6,4.019,4.712,4.712
1786116669.607,S1,recommend,0,prior,0.0,,,,1.24,,1.24
1786116669.607,S1,reserve,0,prior,0.0,,,,1.658,,1.658
1786116669.607,S1,search,0,prior,0.0,,,,6.899,,6.899
1786116669.607,S2,recommend,0,prior,0.0,,,,0.975,,0.975
1786116669.607,S2,reserve,0,prior,0.0,,,,1.332,,1.332
1786116669.607,S2,search,0,prior,0.0,,,,4.287,,4.287
1786116669.607,S3,recommend,698,obs,0.9841,0.6925,1.313,28.1,1.0,1.313,1.313
1786116669.607,S3,reserve,354,obs,0.9791,0.8432,1.18,33.1,1.348,1.18,1.18
1786116669.607,S3,search,526,obs,0.9841,3.4606,4.537,30.6,4.019,4.537,4.537
1786116670.607,S1,recommend,0,prior,0.0,,,,1.24,,1.24
1786116670.607,S1,reserve,0,prior,0.0,,,,1.658,,1.658
1786116670.607,S1,search,0,prior,0.0,,,,6.899,,6.899
1786116670.607,S2,recommend,0,prior,0.0,,,,0.975,,0.975
1786116670.607,S2,reserve,0,prior,0.0,,,,1.332,,1.332
1786116670.607,S2,search,0,prior,0.0,,,,4.287,,4.287
1786116670.607,S3,recommend,702,obs,0.9829,0.7033,1.377,30.6,1.0,1.377,1.377
1786116670.607,S3,reserve,352,obs,0.9791,0.8469,1.227,28.1,1.348,1.227,1.227
1786116670.607,S3,search,524,obs,0.9829,3.4707,4.575,33.2,4.019,4.575,4.575
1786116671.607,S1,recommend,0,prior,0.0,,,,1.24,,1.24
1786116671.607,S1,reserve,0,prior,0.0,,,,1.658,,1.658
1786116671.607,S1,search,0,prior,0.0,,,,6.899,,6.899
1786116671.607,S2,recommend,0,prior,0.0,,,,0.975,,0.975
1786116671.607,S2,reserve,0,prior,0.0,,,,1.332,,1.332
1786116671.607,S2,search,0,prior,0.0,,,,4.287,,4.287
1786116671.607,S3,recommend,668,obs,0.9366,0.7155,1.46,125.6,1.0,1.46,1.46
1786116671.607,S3,reserve,332,obs,0.9304,0.8228,1.114,135.6,1.348,1.114,1.114
1786116671.607,S3,search,500,obs,0.9329,3.4842,4.618,128.1,4.019,4.618,4.618
1786116672.607,S1,recommend,0,prior,0.0,,,,1.24,,1.24
1786116672.607,S1,reserve,0,prior,0.0,,,,1.658,,1.658
1786116672.607,S1,search,0,prior,0.0,,,,6.899,,6.899
1786116672.607,S2,recommend,0,prior,0.0,,,,0.975,,0.975
1786116672.607,S2,reserve,0,prior,0.0,,,,1.332,,1.332
1786116672.607,S2,search,0,prior,0.0,,,,4.287,,4.287
1786116672.607,S3,recommend,664,obs,0.9341,0.7057,1.373,125.6,1.0,1.373,1.373
1786116672.607,S3,reserve,334,obs,0.9341,0.8302,1.125,130.6,1.348,1.125,1.125
1786116672.607,S3,search,502,obs,0.9341,3.463,4.451,128.1,4.019,4.451,4.451
1786116673.607,S1,recommend,0,prior,0.0,,,,1.24,,1.24
1786116673.607,S1,reserve,0,prior,0.0,,,,1.658,,1.658
1786116673.607,S1,search,0,prior,0.0,,,,6.899,,6.899
1786116673.607,S2,recommend,0,prior,0.0,,,,0.975,,0.975
1786116673.607,S2,reserve,0,prior,0.0,,,,1.332,,1.332
1786116673.607,S2,search,0,prior,0.0,,,,4.287,,4.287
1786116673.607,S3,recommend,666,obs,0.9354,0.714,1.428,128.1,1.0,1.428,1.428
1786116673.607,S3,reserve,336,obs,0.9341,0.829,1.033,125.6,1.348,1.033,1.033
1786116673.607,S3,search,498,obs,0.9304,3.5239,4.607,130.6,4.019,4.607,4.607
1786116674.607,S1,recommend,0,prior,0.0,,,,1.24,,1.24
1786116674.607,S1,reserve,0,prior,0.0,,,,1.658,,1.658
1786116674.607,S1,search,0,prior,0.0,,,,6.899,,6.899
1786116674.607,S2,recommend,0,prior,0.0,,,,0.975,,0.975
1786116674.607,S2,reserve,0,prior,0.0,,,,1.332,,1.332
1786116674.607,S2,search,0,prior,0.0,,,,4.287,,4.287
1786116674.607,S3,recommend,670,obs,0.9379,0.6969,1.288,123.1,1.0,1.288,1.288
1786116674.607,S3,reserve,332,obs,0.9304,0.8223,1.069,128.1,1.348,1.069,1.069
1786116674.607,S3,search,500,obs,0.9353,3.5164,4.607,125.6,4.019,4.607,4.607
1786116675.607,S1,recommend,0,prior,0.0,,,,1.24,,1.24
1786116675.607,S1,reserve,0,prior,0.0,,,,1.658,,1.658
1786116675.607,S1,search,0,prior,0.0,,,,6.899,,6.899
1786116675.607,S2,recommend,0,prior,0.0,,,,0.975,,0.975
1786116675.607,S2,reserve,0,prior,0.0,,,,1.332,,1.332
1786116675.607,S2,search,0,prior,0.0,,,,4.287,,4.287
1786116675.607,S3,recommend,668,obs,0.9341,0.6821,1.239,125.6,1.0,1.239,1.239
1786116675.607,S3,reserve,334,obs,0.9379,0.8152,1.095,123.1,1.348,1.095,1.095
1786116675.607,S3,search,500,obs,0.9328,3.479,4.55,130.6,4.019,4.55,4.55
1786116676.607,S1,recommend,0,prior,0.0,,,,1.24,,1.24
1786116676.607,S1,reserve,0,prior,0.0,,,,1.658,,1.658
1786116676.607,S1,search,0,prior,0.0,,,,6.899,,6.899
1786116676.607,S2,recommend,0,prior,0.0,,,,0.975,,0.975
1786116676.607,S2,reserve,0,prior,0.0,,,,1.332,,1.332
1786116676.607,S2,search,0,prior,0.0,,,,4.287,,4.287
1786116676.607,S3,recommend,670,obs,0.9378,0.6907,1.347,120.6,1.0,1.347,1.347
1786116676.607,S3,reserve,332,obs,0.9304,0.8079,1.096,133.1,1.348,1.096,1.096
1786116676.607,S3,search,502,obs,0.9366,3.4845,4.502,125.6,4.019,4.502,4.502
1786116677.607,S1,recommend,0,prior,0.0,,,,1.24,,1.24
1786116677.607,S1,reserve,0,prior,0.0,,,,1.658,,1.658
1786116677.607,S1,search,0,prior,0.0,,,,6.899,,6.899
1786116677.607,S2,recommend,0,prior,0.0,,,,0.975,,0.975
1786116677.607,S2,reserve,0,prior,0.0,,,,1.332,,1.332
1786116677.607,S2,search,0,prior,0.0,,,,4.287,,4.287
1786116677.607,S3,recommend,666,obs,0.9379,0.7228,1.389,123.1,1.0,1.389,1.389
1786116677.607,S3,reserve,336,obs,0.9341,0.8239,0.969,128.1,1.348,0.969,0.969
1786116677.607,S3,search,502,obs,0.9366,3.4969,4.379,120.6,4.019,4.379,4.379
1786116678.607,S1,recommend,0,prior,0.0,,,,1.24,,1.24
1786116678.607,S1,reserve,0,prior,0.0,,,,1.658,,1.658
1786116678.607,S1,search,0,prior,0.0,,,,6.899,,6.899
1786116678.607,S2,recommend,0,prior,0.0,,,,0.975,,0.975
1786116678.607,S2,reserve,0,prior,0.0,,,,1.332,,1.332
1786116678.607,S2,search,0,prior,0.0,,,,4.287,,4.287
1786116678.607,S3,recommend,670,obs,0.9388,0.7404,1.413,118.1,1.0,1.413,1.413
1786116678.607,S3,reserve,336,obs,0.9341,0.849,1.013,123.1,1.348,1.013,1.013
1786116678.607,S3,search,499,obs,0.9387,3.544,4.636,121.4,4.019,4.636,4.636
1786116679.607,S1,recommend,0,prior,0.0,,,,1.24,,1.24
1786116679.607,S1,reserve,0,prior,0.0,,,,1.658,,1.658
1786116679.607,S1,search,0,prior,0.0,,,,6.899,,6.899
1786116679.607,S2,recommend,0,prior,0.0,,,,0.975,,0.975
1786116679.607,S2,reserve,0,prior,0.0,,,,1.332,,1.332
1786116679.607,S2,search,0,prior,0.0,,,,4.287,,4.287
1786116679.607,S3,recommend,671,obs,0.94,0.7316,1.427,116.4,1.0,1.427,1.427
1786116679.607,S3,reserve,332,obs,0.9304,0.8305,1.021,125.6,1.348,1.021,1.021
1786116679.607,S3,search,504,obs,0.9404,3.4951,4.557,118.1,4.019,4.557,4.557
1786116680.607,S1,recommend,0,prior,0.0,,,,1.24,,1.24
1786116680.607,S1,reserve,0,prior,0.0,,,,1.658,,1.658
1786116680.607,S1,search,0,prior,0.0,,,,6.899,,6.899
1786116680.607,S2,recommend,0,prior,0.0,,,,0.975,,0.975
1786116680.607,S2,reserve,0,prior,0.0,,,,1.332,,1.332
1786116680.607,S2,search,0,prior,0.0,,,,4.287,,4.287
1786116680.607,S3,recommend,672,obs,0.9416,0.7146,1.411,115.6,1.0,1.411,1.411
1786116680.607,S3,reserve,334,obs,0.9379,0.807,0.999,120.6,1.348,0.999,0.999
1786116680.607,S3,search,502,obs,0.9375,3.4893,4.568,118.1,4.019,4.568,4.568
1786116681.607,S1,recommend,0,prior,0.0,,,,1.24,,1.24
1786116681.607,S1,reserve,0,prior,0.0,,,,1.658,,1.658
1786116681.607,S1,search,0,prior,0.0,,,,6.899,,6.899
1786116681.607,S2,recommend,0,prior,0.0,,,,0.975,,0.975
1786116681.607,S2,reserve,0,prior,0.0,,,,1.332,,1.332
1786116681.607,S2,search,0,prior,0.0,,,,4.287,,4.287
1786116681.607,S3,recommend,668,obs,0.9379,0.6958,1.395,118.1,1.0,1.395,1.395
1786116681.607,S3,reserve,336,obs,0.9416,0.8225,1.015,115.6,1.348,1.015,1.015
1786116681.607,S3,search,504,obs,0.9363,3.4778,4.589,123.1,4.019,4.589,4.589
1786116682.607,S1,recommend,0,prior,0.0,,,,1.24,,1.24
1786116682.607,S1,reserve,0,prior,0.0,,,,1.658,,1.658
1786116682.607,S1,search,0,prior,0.0,,,,6.899,,6.899
1786116682.607,S2,recommend,0,prior,0.0,,,,0.975,,0.975
1786116682.607,S2,reserve,0,prior,0.0,,,,1.332,,1.332
1786116682.607,S2,search,0,prior,0.0,,,,4.287,,4.287
1786116682.607,S3,recommend,670,obs,0.9429,0.6845,1.28,113.1,1.0,1.28,1.28
1786116682.607,S3,reserve,338,obs,0.9379,0.8185,1.05,118.1,1.348,1.05,1.05
1786116682.607,S3,search,502,obs,0.9379,3.457,4.382,115.6,4.019,4.382,4.382
1786116683.607,S1,recommend,0,prior,0.0,,,,1.24,,1.24
1786116683.607,S1,reserve,0,prior,0.0,,,,1.658,,1.658
1786116683.607,S1,search,0,prior,0.0,,,,6.899,,6.899
1786116683.607,S2,recommend,0,prior,0.0,,,,0.975,,0.975
1786116683.607,S2,reserve,0,prior,0.0,,,,1.332,,1.332
1786116683.607,S2,search,0,prior,0.0,,,,4.287,,4.287
1786116683.607,S3,recommend,674,obs,0.9416,0.6981,1.331,115.6,1.0,1.331,1.331
1786116683.607,S3,reserve,336,obs,0.9379,0.801,1.01,113.1,1.348,1.01,1.01
1786116683.607,S3,search,500,obs,0.9353,3.4734,4.491,125.6,4.019,4.491,4.491
1786116684.607,S1,recommend,0,prior,0.0,,,,1.24,,1.24
1786116684.607,S1,reserve,0,prior,0.0,,,,1.658,,1.658
1786116684.607,S1,search,0,prior,0.0,,,,6.899,,6.899
1786116684.607,S2,recommend,0,prior,0.0,,,,0.975,,0.975
1786116684.607,S2,reserve,0,prior,0.0,,,,1.332,,1.332
1786116684.607,S2,search,0,prior,0.0,,,,4.287,,4.287
1786116684.607,S3,recommend,674,obs,0.9416,0.7141,1.44,110.6,1.0,1.44,1.44
1786116684.607,S3,reserve,334,obs,0.9379,0.8222,1.078,123.1,1.348,1.078,1.078
1786116684.607,S3,search,504,obs,0.9403,3.4762,4.483,115.6,4.019,4.483,4.483
1786116685.607,S1,recommend,0,prior,0.0,,,,1.24,,1.24
1786116685.607,S1,reserve,0,prior,0.0,,,,1.658,,1.658
1786116685.607,S1,search,0,prior,0.0,,,,6.899,,6.899
1786116685.607,S2,recommend,0,prior,0.0,,,,0.975,,0.975
1786116685.607,S2,reserve,0,prior,0.0,,,,1.332,,1.332
1786116685.607,S2,search,0,prior,0.0,,,,4.287,,4.287
1786116685.607,S3,recommend,673,obs,0.9437,0.6873,1.284,108.9,1.0,1.284,1.284
1786116685.607,S3,reserve,334,obs,0.9379,0.802,0.998,118.1,1.348,0.998,0.998
1786116685.607,S3,search,504,obs,0.9417,3.4701,4.581,115.6,4.019,4.581,4.581
1786116686.607,S1,recommend,0,prior,0.0,,,,1.24,,1.24
1786116686.607,S1,reserve,0,prior,0.0,,,,1.658,,1.658
1786116686.607,S1,search,0,prior,0.0,,,,6.899,,6.899
1786116686.607,S2,recommend,0,prior,0.0,,,,0.975,,0.975
1786116686.607,S2,reserve,0,prior,0.0,,,,1.332,,1.332
1786116686.607,S2,search,0,prior,0.0,,,,4.287,,4.287
1786116686.607,S3,recommend,669,obs,0.945,0.6854,1.271,108.9,1.0,1.271,1.271
1786116686.607,S3,reserve,338,obs,0.9416,0.8023,0.998,113.1,1.348,0.998,0.998
1786116686.607,S3,search,505,obs,0.9413,3.4614,4.415,111.3,4.019,4.415,4.415
1786116687.607,S1,recommend,0,prior,0.0,,,,1.24,,1.24
1786116687.607,S1,reserve,0,prior,0.0,,,,1.658,,1.658
1786116687.607,S1,search,0,prior,0.0,,,,6.899,,6.899
1786116687.607,S2,recommend,0,prior,0.0,,,,0.975,,0.975
1786116687.607,S2,reserve,0,prior,0.0,,,,1.332,,1.332
1786116687.607,S2,search,0,prior,0.0,,,,4.287,,4.287
1786116687.607,S3,recommend,672,obs,0.9429,0.7049,1.286,110.6,1.0,1.286,1.286
1786116687.607,S3,reserve,340,obs,0.9416,0.8829,1.068,108.1,1.348,1.068,1.068
1786116687.607,S3,search,502,obs,0.9429,3.4786,4.343,113.1,4.019,4.343,4.343
1786116688.607,S1,recommend,0,prior,0.0,,,,1.24,,1.24
1786116688.607,S1,reserve,0,prior,0.0,,,,1.658,,1.658
1786116688.607,S1,search,0,prior,0.0,,,,6.899,,6.899
1786116688.607,S2,recommend,0,prior,0.0,,,,0.975,,0.975
1786116688.607,S2,reserve,0,prior,0.0,,,,1.332,,1.332
1786116688.607,S2,search,0,prior,0.0,,,,4.287,,4.287
1786116688.607,S3,recommend,676,obs,0.9454,0.7153,1.364,105.6,1.0,1.364,1.364
1786116688.607,S3,reserve,334,obs,0.9378,0.8844,1.061,110.6,1.348,1.061,1.061
1786116688.607,S3,search,506,obs,0.9454,3.5275,4.65,108.0,4.019,4.65,4.65
1786116689.607,S1,recommend,0,prior,0.0,,,,1.24,,1.24
1786116689.607,S1,reserve,0,prior,0.0,,,,1.658,,1.658
1786116689.607,S1,search,0,prior,0.0,,,,6.899,,6.899
1786116689.607,S2,recommend,0,prior,0.0,,,,0.975,,0.975
1786116689.607,S2,reserve,0,prior,0.0,,,,1.332,,1.332
1786116689.607,S2,search,0,prior,0.0,,,,4.287,,4.287
1786116689.607,S3,recommend,676,obs,0.9454,0.7041,1.316,108.0,1.0,1.316,1.316
1786116689.607,S3,reserve,336,obs,0.9454,0.8036,0.977,105.6,1.348,0.977,0.977
1786116689.607,S3,search,504,obs,0.94,3.4916,4.589,113.1,4.019,4.589,4.589
1786116690.607,S1,recommend,0,prior,0.0,,,,1.24,,1.24
1786116690.607,S1,reserve,0,prior,0.0,,,,1.658,,1.658
1786116690.607,S1,search,0,prior,0.0,,,,6.899,,6.899
1786116690.607,S2,recommend,0,prior,0.0,,,,0.975,,0.975
1786116690.607,S2,reserve,0,prior,0.0,,,,1.332,,1.332
1786116690.607,S2,search,0,prior,0.0,,,,4.287,,4.287
1786116690.607,S3,recommend,674,obs,0.9454,0.6901,1.295,103.0,1.0,1.295,1.295
1786116690.607,S3,reserve,336,obs,0.9416,0.8122,0.988,115.5,1.348,0.988,0.988
1786116690.607,S3,search,508,obs,0.9441,3.4538,4.482,108.0,4.019,4.482,4.482
1786116691.607,S1,recommend,0,prior,0.0,,,,1.24,,1.24
1786116691.607,S1,reserve,0,prior,0.0,,,,1.658,,1.658
1786116691.607,S1,search,0,prior,0.0,,,,6.899,,6.899
1786116691.607,S2,recommend,0,prior,0.0,,,,0.975,,0.975
1786116691.607,S2,reserve,0,prior,0.0,,,,1.332,,1.332
1786116691.607,S2,search,0,prior,0.0,,,,4.287,,4.287
1786116691.607,S3,recommend,672,obs,0.9466,0.6837,1.315,105.6,1.0,1.315,1.315
1786116691.607,S3,reserve,340,obs,0.9416,0.828,1.063,110.6,1.348,1.063,1.063
1786116691.607,S3,search,504,obs,0.9417,3.4868,4.55,108.0,4.019,4.55,4.55
1786116692.607,S1,recommend,0,prior,0.0,,,,1.24,,1.24
1786116692.607,S1,reserve,0,prior,0.0,,,,1.658,,1.658
1786116692.607,S1,search,0,prior,0.0,,,,6.899,,6.899
1786116692.607,S2,recommend,0,prior,0.0,,,,0.975,,0.975
1786116692.607,S2,reserve,0,prior,0.0,,,,1.332,,1.332
1786116692.607,S2,search,0,prior,0.0,,,,4.287,,4.287
1786116692.607,S3,recommend,677,obs,0.9488,0.7067,1.361,101.3,1.0,1.361,1.361
1786116692.607,S3,reserve,338,obs,0.9416,0.8232,1.108,105.6,1.348,1.108,1.108
1786116692.607,S3,search,504,obs,0.9466,3.4909,4.605,103.1,4.019,4.605,4.605
1786116693.607,S1,recommend,0,prior,0.0,,,,1.24,,1.24
1786116693.607,S1,reserve,0,prior,0.0,,,,1.658,,1.658
1786116693.607,S1,search,0,prior,0.0,,,,6.899,,6.899
1786116693.607,S2,recommend,0,prior,0.0,,,,0.975,,0.975
1786116693.607,S2,reserve,0,prior,0.0,,,,1.332,,1.332
1786116693.607,S2,search,0,prior,0.0,,,,4.287,,4.287
1786116693.607,S3,recommend,676,obs,0.9454,0.7209,1.441,103.0,1.0,1.441,1.441
1786116693.607,S3,reserve,338,obs,0.9491,0.8212,1.108,100.6,1.348,1.108,1.108
1786116693.607,S3,search,506,obs,0.9453,3.457,4.535,105.6,4.019,4.535,4.535
1786116694.607,S1,recommend,0,prior,0.0,,,,1.24,,1.24
1786116694.607,S1,reserve,0,prior,0.0,,,,1.658,,1.658
1786116694.607,S1,search,0,prior,0.0,,,,6.899,,6.899
1786116694.607,S2,recommend,0,prior,0.0,,,,0.975,,0.975
1786116694.607,S2,reserve,0,prior,0.0,,,,1.332,,1.332
1786116694.607,S2,search,0,prior,0.0,,,,4.287,,4.287
1786116694.607,S3,recommend,677,obs,0.9487,0.7124,1.372,98.8,1.0,1.372,1.372
1786116694.607,S3,reserve,336,obs,0.9454,0.8129,1.093,103.0,1.348,1.093,1.093
1786116694.607,S3,search,507,obs,0.9488,3.4628,4.482,101.3,4.019,4.482,4.482
1786116695.608,S1,recommend,0,prior,0.0,,,,1.24,,1.24
1786116695.608,S1,reserve,0,prior,0.0,,,,1.658,,1.658
1786116695.608,S1,search,0,prior,0.0,,,,6.899,,6.899
1786116695.608,S2,recommend,0,prior,0.0,,,,0.975,,0.975
1786116695.608,S2,reserve,0,prior,0.0,,,,1.332,,1.332
1786116695.608,S2,search,0,prior,0.0,,,,4.287,,4.287
1786116695.608,S3,recommend,674,obs,0.9491,0.7226,1.464,100.6,1.0,1.464,1.464
1786116695.608,S3,reserve,340,obs,0.9491,0.8074,1.058,98.0,1.348,1.058,1.058
1786116695.608,S3,search,508,obs,0.9441,3.4585,4.489,105.6,4.019,4.489,4.489
1786116696.608,S1,recommend,0,prior,0.0,,,,1.24,,1.24
1786116696.608,S1,reserve,0,prior,0.0,,,,1.658,,1.658
1786116696.608,S1,search,0,prior,0.0,,,,6.899,,6.899
1786116696.608,S2,recommend,0,prior,0.0,,,,0.975,,0.975
1786116696.608,S2,reserve,0,prior,0.0,,,,1.332,,1.332
1786116696.608,S2,search,0,prior,0.0,,,,4.287,,4.287
1786116696.608,S3,recommend,676,obs,0.9488,0.7179,1.404,98.1,1.0,1.404,1.404
1786116696.608,S3,reserve,340,obs,0.9416,0.8629,1.335,108.1,1.348,1.335,1.335
1786116696.608,S3,search,506,obs,0.9491,3.5495,4.671,100.6,4.019,4.671,4.671
1786116697.608,S1,recommend,0,prior,0.0,,,,1.24,,1.24
1786116697.608,S1,reserve,0,prior,0.0,,,,1.658,,1.658
1786116697.608,S1,search,0,prior,0.0,,,,6.899,,6.899
1786116697.608,S2,recommend,0,prior,0.0,,,,0.975,,0.975
1786116697.608,S2,reserve,0,prior,0.0,,,,1.332,,1.332
1786116697.608,S2,search,0,prior,0.0,,,,4.287,,4.287
1786116697.608,S3,recommend,678,obs,0.9491,0.7629,1.432,98.1,1.0,1.432,1.432
1786116697.608,S3,reserve,336,obs,0.9416,0.8871,1.533,103.0,1.348,1.533,1.533
1786116697.608,S3,search,508,obs,0.9491,3.6211,4.9,100.6,4.019,4.9,4.9
1786116698.608,S1,recommend,0,prior,0.0,,,,1.24,,1.24
1786116698.608,S1,reserve,0,prior,0.0,,,,1.658,,1.658
1786116698.608,S1,search,0,prior,0.0,,,,6.899,,6.899
1786116698.608,S2,recommend,0,prior,0.0,,,,0.975,,0.975
1786116698.608,S2,reserve,0,prior,0.0,,,,1.332,,1.332
1786116698.608,S2,search,0,prior,0.0,,,,4.287,,4.287
1786116698.608,S3,recommend,678,obs,0.9491,0.7601,1.532,100.6,1.0,1.532,1.532
1786116698.608,S3,reserve,338,obs,0.9491,0.8193,1.049,98.1,1.348,1.049,1.049
1786116698.608,S3,search,506,obs,0.945,3.5454,4.67,103.0,4.019,4.67,4.67
1786116699.608,S1,recommend,0,prior,0.0,,,,1.24,,1.24
1786116699.608,S1,reserve,0,prior,0.0,,,,1.658,,1.658
1786116699.608,S1,search,0,prior,0.0,,,,6.899,,6.899
1786116699.608,S2,recommend,0,prior,0.0,,,,0.975,,0.975
1786116699.608,S2,reserve,0,prior,0.0,,,,1.332,,1.332
1786116699.608,S2,search,0,prior,0.0,,,,4.287,,4.287
1786116699.608,S3,recommend,676,obs,0.9491,0.6967,1.328,95.6,1.0,1.328,1.328
1786116699.608,S3,reserve,339,obs,0.9525,0.8213,1.083,93.8,1.348,1.083,1.083
1786116699.608,S3,search,510,obs,0.9491,3.4814,4.573,98.1,4.019,4.573,4.573
1786116700.607,S1,recommend,0,prior,0.0,,,,1.24,,1.24
1786116700.607,S1,reserve,0,prior,0.0,,,,1.658,,1.658
1786116700.607,S1,search,0,prior,0.0,,,,6.899,,6.899
1786116700.607,S2,recommend,0,prior,0.0,,,,0.975,,0.975
1786116700.607,S2,reserve,0,prior,0.0,,,,1.332,,1.332
1786116700.607,S2,search,0,prior,0.0,,,,4.287,,4.287
1786116700.607,S3,recommend,676,obs,0.9504,0.6961,1.281,98.0,1.0,1.281,1.281
1786116700.607,S3,reserve,342,obs,0.9491,0.8303,1.113,95.5,1.348,1.113,1.113
1786116700.607,S3,search,506,obs,0.9442,3.5048,4.548,103.0,4.019,4.548,4.548
1786116701.607,S1,recommend,0,prior,0.0,,,,1.24,,1.24
1786116701.607,S1,reserve,0,prior,0.0,,,,1.658,,1.658
1786116701.607,S1,search,0,prior,0.0,,,,6.899,,6.899
1786116701.607,S2,recommend,0,prior,0.0,,,,0.975,,0.975
1786116701.607,S2,reserve,0,prior,0.0,,,,1.332,,1.332
1786116701.607,S2,search,0,prior,0.0,,,,4.287,,4.287
1786116701.607,S3,recommend,682,obs,0.9529,0.6959,1.326,92.7,1.0,1.326,1.326
1786116701.607,S3,reserve,338,obs,0.9416,0.8123,1.085,105.2,1.348,1.085,1.085
1786116701.607,S3,search,506,obs,0.9491,3.4502,4.403,97.7,4.019,4.403,4.403
1786116702.607,S1,recommend,0,prior,0.0,,,,1.24,,1.24
1786116702.607,S1,reserve,0,prior,0.0,,,,1.658,,1.658
1786116702.607,S1,search,0,prior,0.0,,,,6.899,,6.899
1786116702.607,S2,recommend,0,prior,0.0,,,,0.975,,0.975
1786116702.607,S2,reserve,0,prior,0.0,,,,1.332,,1.332
1786116702.607,S2,search,0,prior,0.0,,,,4.287,,4.287
1786116702.607,S3,recommend,680,obs,0.9514,0.6962,1.324,90.5,1.0,1.324,1.324
1786116702.607,S3,reserve,338,obs,0.9491,0.8068,1.055,100.6,1.348,1.055,1.055
1786116702.607,S3,search,510,obs,0.9516,3.4396,4.406,93.0,4.019,4.406,4.406
1786116703.608,S1,recommend,0,prior,0.0,,,,1.24,,1.24
1786116703.608,S1,reserve,0,prior,0.0,,,,1.658,,1.658
1786116703.608,S1,search,0,prior,0.0,,,,6.899,,6.899
1786116703.608,S2,recommend,0,prior,0.0,,,,0.975,,0.975
1786116703.608,S2,reserve,0,prior,0.0,,,,1.332,,1.332
1786116703.608,S2,search,0,prior,0.0,,,,4.287,,4.287
1786116703.608,S3,recommend,680,obs,0.9528,0.6933,1.292,90.5,1.0,1.292,1.292
1786116703.608,S3,reserve,338,obs,0.9491,0.7958,0.984,95.5,1.348,0.984,0.984
1786116703.608,S3,search,509,obs,0.9525,3.5087,4.472,93.8,4.019,4.472,4.472
1786116704.607,S1,recommend,0,prior,0.0,,,,1.24,,1.24
1786116704.607,S1,reserve,0,prior,0.0,,,,1.658,,1.658
1786116704.607,S1,search,0,prior,0.0,,,,6.899,,6.899
1786116704.607,S2,recommend,0,prior,0.0,,,,0.975,,0.975
1786116704.607,S2,reserve,0,prior,0.0,,,,1.332,,1.332
1786116704.607,S2,search,0,prior,0.0,,,,4.287,,4.287
1786116704.607,S3,recommend,676,obs,0.9529,0.7017,1.34,92.7,1.0,1.34,1.34
1786116704.607,S3,reserve,342,obs,0.9528,0.8084,1.063,90.2,1.348,1.063,1.063
1786116704.607,S3,search,510,obs,0.9491,3.5106,4.579,95.2,4.019,4.579,4.579
1786116705.607,S1,recommend,0,prior,0.0,,,,1.24,,1.24
1786116705.607,S1,reserve,0,prior,0.0,,,,1.658,,1.658
1786116705.607,S1,search,0,prior,0.0,,,,6.899,,6.899
1786116705.607,S2,recommend,0,prior,0.0,,,,0.975,,0.975
1786116705.607,S2,reserve,0,prior,0.0,,,,1.332,,1.332
1786116705.607,S2,search,0,prior,0.0,,,,4.287,,4.287
1786116705.607,S3,recommend,679,obs,0.9538,0.6841,1.316,88.4,1.0,1.316,1.316
1786116705.607,S3,reserve,342,obs,0.9491,0.8261,1.141,92.7,1.348,1.141,1.141
1786116705.607,S3,search,507,obs,0.9537,3.4609,4.351,91.0,4.019,4.351,4.351
1786116706.607,S1,recommend,0,prior,0.0,,,,1.24,,1.24
1786116706.607,S1,reserve,0,prior,0.0,,,,1.658,,1.658
1786116706.607,S1,search,0,prior,0.0,,,,6.899,,6.899
1786116706.607,S2,recommend,0,prior,0.0,,,,0.975,,0.975
1786116706.607,S2,reserve,0,prior,0.0,,,,1.332,,1.332
1786116706.607,S2,search,0,prior,0.0,,,,4.287,,4.287
1786116706.607,S3,recommend,682,obs,0.9529,0.6866,1.356,90.5,1.0,1.356,1.356
1786116706.607,S3,reserve,338,obs,0.9491,0.8323,1.06,88.0,1.348,1.06,1.06
1786116706.607,S3,search,510,obs,0.9516,3.482,4.442,95.5,4.019,4.442,4.442
1786116707.607,S1,recommend,0,prior,0.0,,,,1.24,,1.24
1786116707.607,S1,reserve,0,prior,0.0,,,,1.658,,1.658
1786116707.607,S1,search,0,prior,0.0,,,,6.899,,6.899
1786116707.607,S2,recommend,0,prior,0.0,,,,0.975,,0.975
1786116707.607,S2,reserve,0,prior,0.0,,,,1.332,,1.332
1786116707.607,S2,search,0,prior,0.0,,,,4.287,,4.287
1786116707.607,S3,recommend,682,obs,0.9554,0.7449,1.404,87.9,1.0,1.404,1.404
1786116707.607,S3,reserve,338,obs,0.9491,0.8513,1.296,97.9,1.348,1.296,1.296
1786116707.607,S3,search,510,obs,0.9516,3.5531,4.743,90.4,4.019,4.743,4.743
1786116708.607,S1,recommend,0,prior,0.0,,,,1.24,,1.24
1786116708.607,S1,reserve,0,prior,0.0,,,,1.658,,1.658
1786116708.607,S1,search,0,prior,0.0,,,,6.899,,6.899
1786116708.607,S2,recommend,0,prior,0.0,,,,0.975,,0.975
1786116708.607,S2,reserve,0,prior,0.0,,,,1.332,,1.332
1786116708.607,S2,search,0,prior,0.0,,,,4.287,,4.287
1786116708.607,S3,recommend,678,obs,0.9529,0.7334,1.284,88.0,1.0,1.284,1.284
1786116708.607,S3,reserve,340,obs,0.9529,0.8411,1.133,93.0,1.348,1.133,1.133
1786116708.607,S3,search,512,obs,0.9529,3.4927,4.416,90.5,4.019,4.416,4.416
1786116709.607,S1,recommend,0,prior,0.0,,,,1.24,,1.24
1786116709.607,S1,reserve,0,prior,0.0,,,,1.658,,1.658
1786116709.607,S1,search,0,prior,0.0,,,,6.899,,6.899
1786116709.607,S2,recommend,0,prior,0.0,,,,0.975,,0.975
1786116709.607,S2,reserve,0,prior,0.0,,,,1.332,,1.332
1786116709.607,S2,search,0,prior,0.0,,,,4.287,,4.287
1786116709.607,S3,recommend,678,obs,0.9541,0.69,1.263,90.5,1.0,1.263,1.263
1786116709.607,S3,reserve,344,obs,0.9529,0.8274,1.111,88.0,1.348,1.111,1.111
1786116709.607,S3,search,508,obs,0.9491,3.4312,4.226,93.1,4.019,4.226,4.226
1786116710.607,S1,recommend,0,prior,0.0,,,,1.24,,1.24
1786116710.607,S1,reserve,0,prior,0.0,,,,1.658,,1.658
1786116710.607,S1,search,0,prior,0.0,,,,6.899,,6.899
1786116710.607,S2,recommend,0,prior,0.0,,,,0.975,,0.975
1786116710.607,S2,reserve,0,prior,0.0,,,,1.332,,1.332
1786116710.607,S2,search,0,prior,0.0,,,,4.287,,4.287
1786116710.607,S3,recommend,684,obs,0.9563,0.7103,1.398,85.2,1.0,1.398,1.398
1786116710.607,S3,reserve,341,obs,0.9525,0.8075,1.078,83.4,1.348,1.078,1.078
1786116710.607,S3,search,508,obs,0.9541,3.4754,4.604,87.7,4.019,4.604,4.604
1786116711.607,S1,recommend,0,prior,0.0,,,,1.24,,1.24
1786116711.607,S1,reserve,0,prior,0.0,,,,1.658,,1.658
1786116711.607,S1,search,0,prior,0.0,,,,6.899,,6.899
1786116711.607,S2,recommend,0,prior,0.0,,,,0.975,,0.975
1786116711.607,S2,reserve,0,prior,0.0,,,,1.332,,1.332
1786116711.607,S2,search,0,prior,0.0,,,,4.287,,4.287
1786116711.607,S3,recommend,682,obs,0.9529,0.708,1.384,87.7,1.0,1.384,1.384
1786116711.607,S3,reserve,340,obs,0.9567,0.8035,1.074,85.2,1.348,1.074,1.074
1786116711.607,S3,search,510,obs,0.9516,3.5119,4.691,92.7,4.019,4.691,4.691
1786116712.608,S1,recommend,0,prior,0.0,,,,1.24,,1.24
1786116712.608,S1,reserve,0,prior,0.0,,,,1.658,,1.658
1786116712.608,S1,search,0,prior,0.0,,,,6.899,,6.899
1786116712.608,S2,recommend,0,prior,0.0,,,,0.975,,0.975
1786116712.608,S2,reserve,0,prior,0.0,,,,1.332,,1.332
1786116712.608,S2,search,0,prior,0.0,,,,4.287,,4.287
1786116712.608,S3,recommend,684,obs,0.9566,0.692,1.354,83.0,1.0,1.354,1.354
1786116712.608,S3,reserve,338,obs,0.9491,0.8033,1.044,95.5,1.348,1.044,1.044
1786116712.608,S3,search,512,obs,0.9554,3.5048,4.622,88.0,4.019,4.622,4.622
1786116713.608,S1,recommend,0,prior,0.0,,,,1.24,,1.24
1786116713.608,S1,reserve,0,prior,0.0,,,,1.658,,1.658
1786116713.608,S1,search,0,prior,0.0,,,,6.899,,6.899
1786116713.608,S2,recommend,0,prior,0.0,,,,0.975,,0.975
1786116713.608,S2,reserve,0,prior,0.0,,,,1.332,,1.332
1786116713.608,S2,search,0,prior,0.0,,,,4.287,,4.287
1786116713.608,S3,recommend,679,obs,0.9587,0.7055,1.37,81.3,1.0,1.37,1.37
1786116713.608,S3,reserve,342,obs,0.9529,0.7888,0.957,90.5,1.348,0.957,0.957
1786116713.608,S3,search,512,obs,0.9529,3.5104,4.622,88.0,4.019,4.622,4.622
1786116714.608,S1,recommend,0,prior,0.0,,,,1.24,,1.24
1786116714.608,S1,reserve,0,prior,0.0,,,,1.658,,1.658
1786116714.608,S1,search,0,prior,0.0,,,,6.899,,6.899
1786116714.608,S2,recommend,0,prior,0.0,,,,0.975,,0.975
1786116714.608,S2,reserve,0,prior,0.0,,,,1.332,,1.332
1786116714.608,S2,search,0,prior,0.0,,,,4.287,,4.287
1786116714.608,S3,recommend,682,obs,0.9579,0.6971,1.335,80.5,1.0,1.335,1.335
1786116714.608,S3,reserve,344,obs,0.9529,0.8078,0.993,85.5,1.348,0.993,0.993
1786116714.608,S3,search,510,obs,0.9579,3.4755,4.576,83.0,4.019,4.576,4.576
1786116715.608,S1,recommend,0,prior,0.0,,,,1.24,,1.24
1786116715.608,S1,reserve,0,prior,0.0,,,,1.658,,1.658
1786116715.608,S1,search,0,prior,0.0,,,,6.899,,6.899
1786116715.608,S2,recommend,0,prior,0.0,,,,0.975,,0.975
1786116715.608,S2,reserve,0,prior,0.0,,,,1.332,,1.332
1786116715.608,S2,search,0,prior,0.0,,,,4.287,,4.287
1786116715.608,S3,recommend,684,obs,0.9566,0.6894,1.324,83.0,1.0,1.324,1.324
1786116715.608,S3,reserve,340,obs,0.9528,0.8399,1.246,80.5,1.348,1.246,1.246
1786116715.608,S3,search,512,obs,0.9566,3.4604,4.5,85.5,4.019,4.5,4.5
1786116716.608,S1,recommend,0,prior,0.0,,,,1.24,,1.24
1786116716.608,S1,reserve,0,prior,0.0,,,,1.658,,1.658
1786116716.608,S1,search,0,prior,0.0,,,,6.899,,6.899
1786116716.608,S2,recommend,0,prior,0.0,,,,0.975,,0.975
1786116716.608,S2,reserve,0,prior,0.0,,,,1.332,,1.332
1786116716.608,S2,search,0,prior,0.0,,,,4.287,,4.287
1786116716.608,S3,recommend,685,obs,0.96,0.7046,1.345,78.7,1.0,1.345,1.345
1786116716.608,S3,reserve,340,obs,0.9566,0.8187,1.101,83.0,1.348,1.101,1.101
1786116716.608,S3,search,511,obs,0.9562,3.5129,4.676,81.2,4.019,4.676,4.676
1786116717.608,S1,recommend,0,prior,0.0,,,,1.24,,1.24
1786116717.608,S1,reserve,0,prior,0.0,,,,1.658,,1.658
1786116717.608,S1,search,0,prior,0.0,,,,6.899,,6.899
1786116717.608,S2,recommend,0,prior,0.0,,,,0.975,,0.975
1786116717.608,S2,reserve,0,prior,0.0,,,,1.332,,1.332
1786116717.608,S2,search,0,prior,0.0,,,,4.287,,4.287
1786116717.608,S3,recommend,682,obs,0.9566,0.7046,1.301,80.5,1.0,1.301,1.301
1786116717.608,S3,reserve,341,obs,0.96,0.8469,1.031,78.8,1.348,1.031,1.031
1786116717.608,S3,search,514,obs,0.9554,3.5449,4.622,85.4,4.019,4.622,4.622
1786116718.608,S1,recommend,0,prior,0.0,,,,1.24,,1.24
1786116718.608,S1,reserve,0,prior,0.0,,,,1.658,,1.658
1786116718.608,S1,search,0,prior,0.0,,,,6.899,,6.899
1786116718.608,S2,recommend,0,prior,0.0,,,,0.975,,0.975
1786116718.608,S2,reserve,0,prior,0.0,,,,1.332,,1.332
1786116718.608,S2,search,0,prior,0.0,,,,4.287,,4.287
1786116718.608,S3,recommend,680,obs,0.9579,0.6988,1.352,83.0,1.0,1.352,1.352
1786116718.608,S3,reserve,344,obs,0.9529,0.8533,1.085,88.0,1.348,1.085,1.085
1786116718.608,S3,search,513,obs,0.9563,3.5235,4.469,78.8,4.019,4.469,4.469
1786116719.608,S1,recommend,0,prior,0.0,,,,1.24,,1.24
1786116719.608,S1,reserve,0,prior,0.0,,,,1.658,,1.658
1786116719.608,S1,search,0,prior,0.0,,,,6.899,,6.899
1786116719.608,S2,recommend,0,prior,0.0,,,,0.975,,0.975
1786116719.608,S2,reserve,0,prior,0.0,,,,1.332,,1.332
1786116719.608,S2,search,0,prior,0.0,,,,4.287,,4.287
1786116719.608,S3,recommend,686,obs,0.9604,0.6908,1.362,78.0,1.0,1.362,1.362
1786116719.608,S3,reserve,344,obs,0.9567,0.8045,1.032,75.5,1.348,1.032,1.032
1786116719.608,S3,search,510,obs,0.9579,3.4693,4.396,80.5,4.019,4.396,4.396
1786116720.607,S1,recommend,0,prior,0.0,,,,1.24,,1.24
1786116720.607,S1,reserve,0,prior,0.0,,,,1.658,,1.658
1786116720.607,S1,search,0,prior,0.0,,,,6.899,,6.899
1786116720.607,S2,recommend,0,prior,0.0,,,,0.975,,0.975
1786116720.607,S2,reserve,0,prior,0.0,,,,1.332,,1.332
1786116720.607,S2,search,0,prior,0.0,,,,4.287,,4.287
1786116720.607,S3,recommend,686,obs,0.9591,0.6933,1.355,75.5,1.0,1.355,1.355
1786116720.607,S3,reserve,340,obs,0.9566,0.8086,1.045,85.5,1.348,1.045,1.045
1786116720.607,S3,search,514,obs,0.9591,3.4851,4.465,78.0,4.019,4.465,4.465
1786116721.607,S1,recommend,0,prior,0.0,,,,1.24,,1.24
1786116721.607,S1,reserve,0,prior,0.0,,,,1.658,,1.658
1786116721.607,S1,search,0,prior,0.0,,,,6.899,,6.899
1786116721.607,S2,recommend,0,prior,0.0,,,,0.975,,0.975
1786116721.607,S2,reserve,0,prior,0.0,,,,1.332,,1.332
1786116721.607,S2,search,0,prior,0.0,,,,4.287,,4.287
1786116721.607,S3,recommend,686,obs,0.9603,0.706,1.378,75.4,1.0,1.378,1.378
1786116721.607,S3,reserve,340,obs,0.9566,0.8082,1.019,80.5,1.348,1.019,1.019
1786116721.607,S3,search,514,obs,0.9604,3.5177,4.688,77.9,4.019,4.688,4.688
1786116722.607,S1,recommend,0,prior,0.0,,,,1.24,,1.24
1786116722.607,S1,reserve,0,prior,0.0,,,,1.658,,1.658
1786116722.607,S1,search,0,prior,0.0,,,,6.899,,6.899
1786116722.607,S2,recommend,0,prior,0.0,,,,0.975,,0.975
1786116722.607,S2,reserve,0,prior,0.0,,,,1.332,,1.332
1786116722.607,S2,search,0,prior,0.0,,,,4.287,,4.287
1786116722.607,S3,recommend,682,obs,0.9604,0.7247,1.44,77.9,1.0,1.44,1.44
1786116722.607,S3,reserve,344,obs,0.9603,0.8118,1.017,75.5,1.348,1.017,1.017
1786116722.607,S3,search,514,obs,0.9554,3.5151,4.621,82.9,4.019,4.621,4.621
1786116723.607,S1,recommend,0,prior,0.0,,,,1.24,,1.24
1786116723.607,S1,reserve,0,prior,0.0,,,,1.658,,1.658
1786116723.607,S1,search,0,prior,0.0,,,,6.899,,6.899
1786116723.607,S2,recommend,0,prior,0.0,,,,0.975,,0.975
1786116723.607,S2,reserve,0,prior,0.0,,,,1.332,,1.332
1786116723.607,S2,search,0,prior,0.0,,,,4.287,,4.287
1786116723.607,S3,recommend,684,obs,0.9617,0.7339,1.511,72.9,1.0,1.511,1.511
1786116723.607,S3,reserve,347,obs,0.96,0.8645,1.307,71.2,1.348,1.307,1.307
1786116723.607,S3,search,512,obs,0.9616,3.5434,4.667,75.4,4.019,4.667,4.667
1786116724.607,S1,recommend,0,prior,0.0,,,,1.24,,1.24
1786116724.607,S1,reserve,0,prior,0.0,,,,1.658,,1.658
1786116724.607,S1,search,0,prior,0.0,,,,6.899,,6.899
1786116724.607,S2,recommend,0,prior,0.0,,,,0.975,,0.975
1786116724.607,S2,reserve,0,prior,0.0,,,,1.332,,1.332
1786116724.607,S2,search,0,prior,0.0,,,,4.287,,4.287
1786116724.607,S3,recommend,688,obs,0.9604,0.7244,1.527,75.5,1.0,1.527,1.527
1786116724.607,S3,reserve,342,obs,0.9566,0.8647,1.203,72.9,1.348,1.203,1.203
1786116724.607,S3,search,512,obs,0.9566,3.5221,4.728,85.4,4.019,4.728,4.728
1786116725.607,S1,recommend,0,prior,0.0,,,,1.24,,1.24
1786116725.607,S1,reserve,0,prior,0.0,,,,1.658,,1.658
1786116725.607,S1,search,0,prior,0.0,,,,6.899,,6.899
1786116725.607,S2,recommend,0,prior,0.0,,,,0.975,,0.975
1786116725.607,S2,reserve,0,prior,0.0,,,,1.332,,1.332
1786116725.607,S2,search,0,prior,0.0,,,,4.287,,4.287
1786116725.607,S3,recommend,690,obs,0.9641,0.7158,1.421,70.5,1.0,1.421,1.421
1786116725.607,S3,reserve,340,obs,0.9566,0.8117,1.079,83.0,1.348,1.079,1.079
1786116725.607,S3,search,514,obs,0.9591,3.4748,4.531,75.4,4.019,4.531,4.531
1786116726.607,S1,recommend,0,prior,0.0,,,,1.24,,1.24
1786116726.607,S1,reserve,0,prior,0.0,,,,1.658,,1.658
1786116726.607,S1,search,0,prior,0.0,,,,6.899,,6.899
1786116726.607,S2,recommend,0,prior,0.0,,,,0.975,,0.975
1786116726.607,S2,reserve,0,prior,0.0,,,,1.332,,1.332
1786116726.607,S2,search,0,prior,0.0,,,,4.287,,4.287
1786116726.607,S3,recommend,686,obs,0.9629,0.6957,1.301,68.0,1.0,1.301,1.301
1786116726.607,S3,reserve,342,obs,0.9604,0.8261,1.098,77.9,1.348,1.098,1.098
1786116726.607,S3,search,517,obs,0.9625,3.4683,4.512,71.2,4.019,4.512,4.512
1786116727.607,S1,recommend,0,prior,0.0,,,,1.24,,1.24
1786116727.607,S1,reserve,0,prior,0.0,,,,1.658,,1.658
1786116727.607,S1,search,0,prior,0.0,,,,6.899,,6.899
1786116727.607,S2,recommend,0,prior,0.0,,,,0.975,,0.975
1786116727.607,S2,reserve,0,prior,0.0,,,,1.332,,1.332
1786116727.607,S2,search,0,prior,0.0,,,,4.287,,4.287
1786116727.607,S3,recommend,684,obs,0.9654,0.7329,1.415,67.9,1.0,1.415,1.415
1786116727.607,S3,reserve,346,obs,0.9604,0.8488,1.044,73.0,1.348,1.044,1.044
1786116727.607,S3,search,516,obs,0.9604,3.5505,4.584,70.5,4.019,4.584,4.584
1786116728.607,S1,recommend,0,prior,0.0,,,,1.24,,1.24
1786116728.607,S1,reserve,0,prior,0.0,,,,1.658,,1.658
1786116728.607,S1,search,0,prior,0.0,,,,6.899,,6.899
1786116728.607,S2,recommend,0,prior,0.0,,,,0.975,,0.975
1786116728.607,S2,reserve,0,prior,0.0,,,,1.332,,1.332
1786116728.607,S2,search,0,prior,0.0,,,,4.287,,4.287
1786116728.607,S3,recommend,688,obs,0.9641,0.7434,1.452,70.5,1.0,1.452,1.452
1786116728.607,S3,reserve,346,obs,0.9604,0.8223,1.01,68.0,1.348,1.01,1.01
1786116728.607,S3,search,512,obs,0.9616,3.5573,4.676,73.0,4.019,4.676,4.676
1786116729.607,S1,recommend,0,prior,0.0,,,,1.24,,1.24
1786116729.607,S1,reserve,0,prior,0.0,,,,1.658,,1.658
1786116729.607,S1,search,0,prior,0.0,,,,6.899,,6.899
1786116729.607,S2,recommend,0,prior,0.0,,,,0.975,,0.975
1786116729.607,S2,reserve,0,prior,0.0,,,,1.332,,1.332
1786116729.607,S2,search,0,prior,0.0,,,,4.287,,4.287
1786116729.607,S3,recommend,690,obs,0.9641,0.7125,1.373,65.5,1.0,1.373,1.373
1786116729.607,S3,reserve,342,obs,0.9641,0.8019,1.029,70.4,1.348,1.029,1.029
1786116729.607,S3,search,516,obs,0.9637,3.5107,4.537,68.0,4.019,4.537,4.537
1786116730.607,S1,recommend,0,prior,0.0,,,,1.24,,1.24
1786116730.607,S1,reserve,0,prior,0.0,,,,1.658,,1.658
1786116730.607,S1,search,0,prior,0.0,,,,6.899,,6.899
1786116730.607,S2,recommend,0,prior,0.0,,,,0.975,,0.975
1786116730.607,S2,reserve,0,prior,0.0,,,,1.332,,1.332
1786116730.607,S2,search,0,prior,0.0,,,,4.287,,4.287
1786116730.607,S3,recommend,690,obs,0.9641,0.7171,1.403,68.0,1.0,1.403,1.403
1786116730.607,S3,reserve,342,obs,0.9642,0.8059,1.034,65.4,1.348,1.034,1.034
1786116730.607,S3,search,516,obs,0.9629,3.5331,4.715,72.9,4.019,4.715,4.715
1786116731.607,S1,recommend,0,prior,0.0,,,,1.24,,1.24
1786116731.607,S1,reserve,0,prior,0.0,,,,1.658,,1.658
1786116731.607,S1,search,0,prior,0.0,,,,6.899,,6.899
1786116731.607,S2,recommend,0,prior,0.0,,,,0.975,,0.975
1786116731.607,S2,reserve,0,prior,0.0,,,,1.332,,1.332
1786116731.607,S2,search,0,prior,0.0,,,,4.287,,4.287
1786116731.607,S3,recommend,688,obs,0.9679,0.7043,1.401,63.0,1.0,1.401,1.401
1786116731.607,S3,reserve,344,obs,0.9603,0.7971,1.006,75.4,1.348,1.006,1.006
1786116731.607,S3,search,518,obs,0.9625,3.4984,4.574,68.0,4.019,4.574,4.574
1786116732.607,S1,recommend,0,prior,0.0,,,,1.24,,1.24
1786116732.607,S1,reserve,0,prior,0.0,,,,1.658,,1.658
1786116732.607,S1,search,0,prior,0.0,,,,6.899,,6.899
1786116732.607,S2,recommend,0,prior,0.0,,,,0.975,,0.975
1786116732.607,S2,reserve,0,prior,0.0,,,,1.332,,1.332
1786116732.607,S2,search,0,prior,0.0,,,,4.287,,4.287
1786116732.607,S3,recommend,686,obs,0.9654,0.6969,1.312,65.4,1.0,1.312,1.312
1786116732.607,S3,reserve,348,obs,0.9604,0.818,1.113,70.4,1.348,1.113,1.113
1786116732.607,S3,search,514,obs,0.9654,3.4527,4.297,67.9,4.019,4.297,4.297
1786116733.607,S1,recommend,0,prior,0.0,,,,1.24,,1.24
1786116733.607,S1,reserve,0,prior,0.0,,,,1.658,,1.658
1786116733.607,S1,search,0,prior,0.0,,,,6.899,,6.899
1786116733.607,S2,recommend,0,prior,0.0,,,,0.975,,0.975
1786116733.607,S2,reserve,0,prior,0.0,,,,1.332,,1.332
1786116733.607,S2,search,0,prior,0.0,,,,4.287,,4.287
1786116733.607,S3,recommend,691,obs,0.9675,0.709,1.377,61.2,1.0,1.377,1.377
1786116733.607,S3,reserve,344,obs,0.9604,0.8172,1.086,65.4,1.348,1.086,1.086
1786116733.607,S3,search,514,obs,0.9641,3.4903,4.454,70.5,4.019,4.454,4.454
1786116734.607,S1,recommend,0,prior,0.0,,,,1.24,,1.24
1786116734.607,S1,reserve,0,prior,0.0,,,,1.658,,1.658
1786116734.607,S1,search,0,prior,0.0,,,,6.899,,6.899
1786116734.607,S2,recommend,0,prior,0.0,,,,0.975,,0.975
1786116734.607,S2,reserve,0,prior,0.0,,,,1.332,,1.332
1786116734.607,S2,search,0,prior,0.0,,,,4.287,,4.287
1786116734.607,S3,recommend,692,obs,0.9679,0.7268,1.39,62.9,1.0,1.39,1.39
1786116734.607,S3,reserve,343,obs,0.9675,0.8096,1.043,61.2,1.348,1.043,1.043
1786116734.607,S3,search,516,obs,0.9641,3.5225,4.455,65.4,4.019,4.455,4.455
1786116735.607,S1,recommend,0,prior,0.0,,,,1.24,,1.24
1786116735.607,S1,reserve,0,prior,0.0,,,,1.658,,1.658
1786116735.607,S1,search,0,prior,0.0,,,,6.899,,6.899
1786116735.607,S2,recommend,0,prior,0.0,,,,0.975,,0.975
1786116735.607,S2,reserve,0,prior,0.0,,,,1.332,,1.332
1786116735.607,S2,search,0,prior,0.0,,,,4.287,,4.287
1786116735.607,S3,recommend,688,obs,0.9641,0.7161,1.31,65.4,1.0,1.31,1.31
1786116735.607,S3,reserve,344,obs,0.9679,0.8453,1.158,62.9,1.348,1.158,1.158
1786116735.607,S3,search,518,obs,0.9626,3.5346,4.615,70.5,4.019,4.615,4.615
1786116736.607,S1,recommend,0,prior,0.0,,,,1.24,,1.24
1786116736.607,S1,reserve,0,prior,0.0,,,,1.658,,1.658
1786116736.607,S1,search,0,prior,0.0,,,,6.899,,6.899
1786116736.607,S2,recommend,0,prior,0.0,,,,0.975,,0.975
1786116736.607,S2,reserve,0,prior,0.0,,,,1.332,,1.332
1786116736.607,S2,search,0,prior,0.0,,,,4.287,,4.287
1786116736.607,S3,recommend,688,obs,0.9691,0.7116,1.348,60.4,1.0,1.348,1.348
1786116736.607,S3,reserve,347,obs,0.9675,0.8454,1.158,58.7,1.348,1.158,1.158
1786116736.607,S3,search,518,obs,0.9629,3.5422,4.587,65.5,4.019,4.587,4.587
1786116737.607,S1,recommend,0,prior,0.0,,,,1.24,,1.24
1786116737.607,S1,reserve,0,prior,0.0,,,,1.658,,1.658
1786116737.607,S1,search,0,prior,0.0,,,,6.899,,6.899
1786116737.607,S2,recommend,0,prior,0.0,,,,0.975,,0.975
1786116737.607,S2,reserve,0,prior,0.0,,,,1.332,,1.332
1786116737.607,S2,search,0,prior,0.0,,,,4.287,,4.287
1786116737.607,S3,recommend,692,obs,0.9704,0.7213,1.397,57.9,1.0,1.397,1.397
1786116737.607,S3,reserve,346,obs,0.9604,0.8666,1.13,67.9,1.348,1.13,1.13
1786116737.607,S3,search,516,obs,0.9678,3.5411,4.586,60.4,4.019,4.586,4.586
1786116738.607,S1,recommend,0,prior,0.0,,,,1.24,,1.24
1786116738.607,S1,reserve,0,prior,0.0,,,,1.658,,1.658
1786116738.607,S1,search,0,prior,0.0,,,,6.899,,6.899
1786116738.607,S2,recommend,0,prior,0.0,,,,0.975,,0.975
1786116738.607,S2,reserve,0,prior,0.0,,,,1.332,,1.332
1786116738.607,S2,search,0,prior,0.0,,,,4.287,,4.287
1786116738.607,S3,recommend,692,obs,0.9679,0.707,1.356,57.9,1.0,1.356,1.356
1786116738.607,S3,reserve,344,obs,0.9679,0.8583,1.103,62.9,1.348,1.103,1.103
1786116738.607,S3,search,518,obs,0.9679,3.5253,4.583,60.4,4.019,4.583,4.583
1786116739.607,S1,recommend,0,prior,0.0,,,,1.24,,1.24
1786116739.607,S1,reserve,0,prior,0.0,,,,1.658,,1.658
1786116739.607,S1,search,0,prior,0.0,,,,6.899,,6.899
1786116739.607,S2,recommend,0,prior,0.0,,,,0.975,,0.975
1786116739.607,S2,reserve,0,prior,0.0,,,,1.332,,1.332
1786116739.607,S2,search,0,prior,0.0,,,,4.287,,4.287
1786116739.607,S3,recommend,692,obs,0.9679,0.6829,1.273,60.4,1.0,1.273,1.273
1786116739.607,S3,reserve,344,obs,0.9679,0.8189,1.098,57.9,1.348,1.098,1.098
1786116739.607,S3,search,518,obs,0.9675,3.5024,4.549,62.9,4.019,4.549,4.549
1786116740.607,S1,recommend,0,prior,0.0,,,,1.24,,1.24
1786116740.607,S1,reserve,0,prior,0.0,,,,1.658,,1.658
1786116740.607,S1,search,0,prior,0.0,,,,6.899,,6.899
1786116740.607,S2,recommend,0,prior,0.0,,,,0.975,,0.975
1786116740.607,S2,reserve,0,prior,0.0,,,,1.332,,1.332
1786116740.607,S2,search,0,prior,0.0,,,,4.287,,4.287
1786116740.607,S3,recommend,690,obs,0.9716,0.7157,1.342,55.4,1.0,1.342,1.342
1786116740.607,S3,reserve,346,obs,0.9678,0.813,1.023,60.4,1.348,1.023,1.023
1786116740.607,S3,search,520,obs,0.9679,3.5076,4.584,57.9,4.019,4.584,4.584
1786116741.607,S1,recommend,0,prior,0.0,,,,1.24,,1.24
1786116741.607,S1,reserve,0,prior,0.0,,,,1.658,,1.658
1786116741.607,S1,search,0,prior,0.0,,,,6.899,,6.899
1786116741.607,S2,recommend,0,prior,0.0,,,,0.975,,0.975
1786116741.607,S2,reserve,0,prior,0.0,,,,1.332,,1.332
1786116741.607,S2,search,0,prior,0.0,,,,4.287,,4.287
1786116741.607,S3,recommend,690,obs,0.9691,0.7212,1.332,57.9,1.0,1.332,1.332
1786116741.607,S3,reserve,350,obs,0.9678,0.8277,1.131,55.4,1.348,1.131,1.131
1786116741.607,S3,search,516,obs,0.9679,3.4864,4.621,62.9,4.019,4.621,4.621
1786116742.607,S1,recommend,0,prior,0.0,,,,1.24,,1.24
1786116742.607,S1,reserve,0,prior,0.0,,,,1.658,,1.658
1786116742.607,S1,search,0,prior,0.0,,,,6.899,,6.899
1786116742.607,S2,recommend,0,prior,0.0,,,,0.975,,0.975
1786116742.607,S2,reserve,0,prior,0.0,,,,1.332,,1.332
1786116742.607,S2,search,0,prior,0.0,,,,4.287,,4.287
1786116742.607,S3,recommend,696,obs,0.9712,0.7066,1.38,52.9,1.0,1.38,1.38
1786116742.607,S3,reserve,344,obs,0.9604,0.8294,1.131,65.4,1.348,1.131,1.131
1786116742.607,S3,search,518,obs,0.9704,3.4917,4.617,57.9,4.019,4.617,4.617
1786116743.607,S1,recommend,0,prior,0.0,,,,1.24,,1.24
1786116743.607,S1,reserve,0,prior,0.0,,,,1.658,,1.658
1786116743.607,S1,search,0,prior,0.0,,,,6.899,,6.899
1786116743.607,S2,recommend,0,prior,0.0,,,,0.975,,0.975
1786116743.607,S2,reserve,0,prior,0.0,,,,1.332,,1.332
1786116743.607,S2,search,0,prior,0.0,,,,4.287,,4.287
1786116743.607,S3,recommend,695,obs,0.9737,0.7182,1.426,51.2,1.0,1.426,1.426
1786116743.607,S3,reserve,344,obs,0.9679,0.8059,1.0,60.4,1.348,1.0,1.0
1786116743.607,S3,search,519,obs,0.97,3.5023,4.516,53.7,4.019,4.516,4.516
1786116744.607,S1,recommend,0,prior,0.0,,,,1.24,,1.24
1786116744.607,S1,reserve,0,prior,0.0,,,,1.658,,1.658
1786116744.607,S1,search,0,prior,0.0,,,,6.899,,6.899
1786116744.607,S2,recommend,0,prior,0.0,,,,0.975,,0.975
1786116744.607,S2,reserve,0,prior,0.0,,,,1.332,,1.332
1786116744.607,S2,search,0,prior,0.0,,,,4.287,,4.287
1786116744.607,S3,recommend,692,obs,0.9716,0.7083,1.397,50.4,1.0,1.397,1.397
1786116744.607,S3,reserve,346,obs,0.9716,0.8204,1.081,55.4,1.348,1.081,1.081
1786116744.607,S3,search,522,obs,0.9717,3.4741,4.446,52.9,4.019,4.446,4.446
1786116745.607,S1,recommend,0,prior,0.0,,,,1.24,,1.24
1786116745.607,S1,reserve,0,prior,0.0,,,,1.658,,1.658
1786116745.607,S1,search,0,prior,0.0,,,,6.899,,6.899
1786116745.607,S2,recommend,0,prior,0.0,,,,0.975,,0.975
1786116745.607,S2,reserve,0,prior,0.0,,,,1.332,,1.332
1786116745.607,S2,search,0,prior,0.0,,,,4.287,,4.287
1786116745.607,S3,recommend,690,obs,0.9729,0.6992,1.407,52.9,1.0,1.407,1.407
1786116745.607,S3,reserve,350,obs,0.9716,0.8381,1.225,50.4,1.348,1.225,1.225
1786116745.607,S3,search,520,obs,0.9679,3.4826,4.519,55.4,4.019,4.519,4.519
1786116746.607,S1,recommend,0,prior,0.0,,,,1.24,,1.24
1786116746.607,S1,reserve,0,prior,0.0,,,,1.658,,1.658
1786116746.607,S1,search,0,prior,0.0,,,,6.899,,6.899
1786116746.607,S2,recommend,0,prior,0.0,,,,0.975,,0.975
1786116746.607,S2,reserve,0,prior,0.0,,,,1.332,,1.332
1786116746.607,S2,search,0,prior,0.0,,,,4.287,,4.287
1786116746.607,S3,recommend,696,obs,0.9754,0.7083,1.407,47.9,1.0,1.407,1.407
1786116746.607,S3,reserve,348,obs,0.9679,0.8243,1.206,52.9,1.348,1.206,1.206
1786116746.607,S3,search,518,obs,0.9728,3.4803,4.507,50.4,4.019,4.507,4.507
1786116747.607,S1,recommend,0,prior,0.0,,,,1.24,,1.24
1786116747.607,S1,reserve,0,prior,0.0,,,,1.658,,1.658
1786116747.607,S1,search,0,prior,0.0,,,,6.899,,6.899
1786116747.607,S2,recommend,0,prior,0.0,,,,0.975,,0.975
1786116747.607,S2,reserve,0,prior,0.0,,,,1.332,,1.332
1786116747.607,S2,search,0,prior,0.0,,,,4.287,,4.287
1786116747.607,S3,recommend,696,obs,0.9716,0.7105,1.382,50.4,1.0,1.382,1.382
1786116747.607,S3,reserve,346,obs,0.9754,0.8379,1.098,47.9,1.348,1.098,1.098
1786116747.607,S3,search,520,obs,0.9704,3.5379,4.45,55.4,4.019,4.45,4.45
1786116748.607,S1,recommend,0,prior,0.0,,,,1.24,,1.24
1786116748.607,S1,reserve,0,prior,0.0,,,,1.658,,1.658
1786116748.607,S1,search,0,prior,0.0,,,,6.899,,6.899
1786116748.607,S2,recommend,0,prior,0.0,,,,0.975,,0.975
1786116748.607,S2,reserve,0,prior,0.0,,,,1.332,,1.332
1786116748.607,S2,search,0,prior,0.0,,,,4.287,,4.287
1786116748.607,S3,recommend,697,obs,0.975,0.6996,1.33,46.1,1.0,1.33,1.33
1786116748.607,S3,reserve,344,obs,0.9679,0.8376,1.141,57.9,1.348,1.141,1.141
1786116748.607,S3,search,522,obs,0.9741,3.5339,4.538,50.4,4.019,4.538,4.538
1786116749.607,S1,recommend,0,prior,0.0,,,,1.24,,1.24
1786116749.607,S1,reserve,0,prior,0.0,,,,1.658,,1.658
1786116749.607,S1,search,0,prior,0.0,,,,6.899,,6.899
1786116749.607,S2,recommend,0,prior,0.0,,,,0.975,,0.975
1786116749.607,S2,reserve,0,prior,0.0,,,,1.332,,1.332
1786116749.607,S2,search,0,prior,0.0,,,,4.287,,4.287
1786116749.607,S3,recommend,692,obs,0.9754,0.7036,1.364,47.9,1.0,1.364,1.364
1786116749.607,S3,reserve,348,obs,0.9716,0.8061,1.027,52.9,1.348,1.027,1.027
1786116749.607,S3,search,522,obs,0.9716,3.4844,4.533,50.4,4.019,4.533,4.533
1786116750.607,S1,recommend,0,prior,0.0,,,,1.24,,1.24
1786116750.607,S1,reserve,0,prior,0.0,,,,1.658,,1.658
1786116750.607,S1,search,0,prior,0.0,,,,6.899,,6.899
1786116750.607,S2,recommend,0,prior,0.0,,,,0.975,,0.975
1786116750.607,S2,reserve,0,prior,0.0,,,,1.332,,1.332
1786116750.607,S2,search,0,prior,0.0,,,,4.287,,4.287
1786116750.607,S3,recommend,692,obs,0.9729,0.7019,1.393,50.4,1.0,1.393,1.393
1786116750.607,S3,reserve,352,obs,0.9716,0.8264,1.076,47.9,1.348,1.076,1.076
1786116750.607,S3,search,518,obs,0.9729,3.4811,4.44,52.9,4.019,4.44,4.44
1786116751.607,S1,recommend,0,prior,0.0,,,,1.24,,1.24
1786116751.607,S1,reserve,0,prior,0.0,,,,1.658,,1.658
1786116751.607,S1,search,0,prior,0.0,,,,6.899,,6.899
1786116751.607,S2,recommend,0,prior,0.0,,,,0.975,,0.975
1786116751.607,S2,reserve,0,prior,0.0,,,,1.332,,1.332
1786116751.607,S2,search,0,prior,0.0,,,,4.287,,4.287
1786116751.607,S3,recommend,698,obs,0.9754,0.7115,1.413,45.4,1.0,1.413,1.413
1786116751.607,S3,reserve,346,obs,0.9678,0.8617,1.173,50.4,1.348,1.173,1.173
1786116751.607,S3,search,519,obs,0.975,3.492,4.551,48.7,4.019,4.551,4.551
1786116752.607,S1,recommend,0,prior,0.0,,,,1.24,,1.24
1786116752.607,S1,reserve,0,prior,0.0,,,,1.658,,1.658
1786116752.607,S1,search,0,prior,0.0,,,,6.899,,6.899
1786116752.607,S2,recommend,0,prior,0.0,,,,0.975,,0.975
1786116752.607,S2,reserve,0,prior,0.0,,,,1.332,,1.332
1786116752.607,S2,search,0,prior,0.0,,,,4.287,,4.287
1786116752.607,S3,recommend,698,obs,0.9754,0.7521,1.553,47.9,1.0,1.553,1.553
1786116752.607,S3,reserve,346,obs,0.9754,0.8729,1.315,45.4,1.348,1.315,1.315
1786116752.607,S3,search,520,obs,0.9704,3.6076,4.818,52.9,4.019,4.818,4.818
1786116753.607,S1,recommend,0,prior,0.0,,,,1.24,,1.24
1786116753.607,S1,reserve,0,prior,0.0,,,,1.658,,1.658
1786116753.607,S1,search,0,prior,0.0,,,,6.899,,6.899
1786116753.607,S2,recommend,0,prior,0.0,,,,0.975,,0.975
1786116753.607,S2,reserve,0,prior,0.0,,,,1.332,,1.332
1786116753.607,S2,search,0,prior,0.0,,,,4.287,,4.287
1786116753.607,S3,recommend,696,obs,0.9754,0.7393,1.488,42.9,1.0,1.488,1.488
1786116753.607,S3,reserve,347,obs,0.9787,0.8693,1.286,41.2,1.348,1.286,1.286
1786116753.607,S3,search,524,obs,0.9741,3.5853,4.771,47.9,4.019,4.771,4.771
1786116754.607,S1,recommend,0,prior,0.0,,,,1.24,,1.24
1786116754.607,S1,reserve,0,prior,0.0,,,,1.658,,1.658
1786116754.607,S1,search,0,prior,0.0,,,,6.899,,6.899
1786116754.607,S2,recommend,0,prior,0.0,,,,0.975,,0.975
1786116754.607,S2,reserve,0,prior,0.0,,,,1.332,,1.332
1786116754.607,S2,search,0,prior,0.0,,,,4.287,,4.287
1786116754.607,S3,recommend,693,obs,0.9787,0.7272,1.448,41.2,1.0,1.448,1.448
1786116754.607,S3,reserve,350,obs,0.9716,0.8639,1.232,50.4,1.348,1.232,1.232
1786116754.607,S3,search,523,obs,0.9738,3.5576,4.729,43.6,4.019,4.729,4.729
1786116755.607,S1,recommend,0,prior,0.0,,,,1.24,,1.24
1786116755.607,S1,reserve,0,prior,0.0,,,,1.658,,1.658
1786116755.607,S1,search,0,prior,0.0,,,,6.899,,6.899
1786116755.607,S2,recommend,0,prior,0.0,,,,0.975,,0.975
1786116755.607,S2,reserve,0,prior,0.0,,,,1.332,,1.332
1786116755.607,S2,search,0,prior,0.0,,,,4.287,,4.287
1786116755.607,S3,recommend,698,obs,0.9791,0.7239,1.443,40.4,1.0,1.443,1.443
1786116755.607,S3,reserve,350,obs,0.9717,0.8261,1.129,45.3,1.348,1.129,1.129
1786116755.607,S3,search,519,obs,0.9762,3.4813,4.598,43.7,4.019,4.598,4.598
1786116756.607,S1,recommend,0,prior,0.0,,,,1.24,,1.24
1786116756.607,S1,reserve,0,prior,0.0,,,,1.658,,1.658
1786116756.607,S1,search,0,prior,0.0,,,,6.899,,6.899
1786116756.607,S2,recommend,0,prior,0.0,,,,0.975,,0.975
1786116756.607,S2,reserve,0,prior,0.0,,,,1.332,,1.332
1786116756.607,S2,search,0,prior,0.0,,,,4.287,,4.287
1786116756.607,S3,recommend,700,obs,0.9779,0.7116,1.386,37.9,1.0,1.386,1.386
1786116756.607,S3,reserve,348,obs,0.9792,0.8128,1.071,40.3,1.348,1.071,1.071
1786116756.607,S3,search,522,obs,0.975,3.4505,4.451,45.3,4.019,4.451,4.451
1786116757.607,S1,recommend,0,prior,0.0,,,,1.24,,1.24
1786116757.607,S1,reserve,0,prior,0.0,,,,1.658,,1.658
1786116757.607,S1,search,0,prior,0.0,,,,6.899,,6.899
1786116757.607,S2,recommend,0,prior,0.0,,,,0.975,,0.975
1786116757.607,S2,reserve,0,prior,0.0,,,,1.332,,1.332
1786116757.607,S2,search,0,prior,0.0,,,,4.287,,4.287
1786116757.607,S3,recommend,700,obs,0.9791,0.723,1.373,37.9,1.0,1.373,1.373
1786116757.607,S3,reserve,346,obs,0.9754,0.8091,1.041,42.9,1.348,1.041,1.041
1786116757.607,S3,search,524,obs,0.9791,3.5763,4.673,40.4,4.019,4.673,4.673
1786116758.607,S1,recommend,0,prior,0.0,,,,1.24,,1.24
1786116758.607,S1,reserve,0,prior,0.0,,,,1.658,,1.658
1786116758.607,S1,search,0,prior,0.0,,,,6.899,,6.899
1786116758.607,S2,recommend,0,prior,0.0,,,,0.975,,0.975
1786116758.607,S2,reserve,0,prior,0.0,,,,1.332,,1.332
1786116758.607,S2,search,0,prior,0.0,,,,4.287,,4.287
1786116758.607,S3,recommend,696,obs,0.9792,0.7236,1.399,40.3,1.0,1.399,1.399
1786116758.607,S3,reserve,350,obs,0.9791,0.8057,0.998,37.9,1.348,0.998,0.998
1786116758.607,S3,search,524,obs,0.9741,3.5544,4.571,45.4,4.019,4.571,4.571
1786116759.607,S1,recommend,0,prior,0.0,,,,1.24,,1.24
1786116759.607,S1,reserve,0,prior,0.0,,,,1.658,,1.658
1786116759.607,S1,search,0,prior,0.0,,,,6.899,,6.899
1786116759.607,S2,recommend,0,prior,0.0,,,,0.975,,0.975
1786116759.607,S2,reserve,0,prior,0.0,,,,1.332,,1.332
1786116759.607,S2,search,0,prior,0.0,,,,4.287,,4.287
1786116759.607,S3,recommend,696,obs,0.9804,0.7003,1.378,35.3,1.0,1.378,1.378
1786116759.607,S3,reserve,352,obs,0.9716,0.814,0.998,47.9,1.348,0.998,0.998
1786116759.607,S3,search,524,obs,0.9804,3.4725,4.476,37.9,4.019,4.476,4.476
1786116760.607,S1,recommend,0,prior,0.0,,,,1.24,,1.24
1786116760.607,S1,reserve,0,prior,0.0,,,,1.658,,1.658
1786116760.607,S1,search,0,prior,0.0,,,,6.899,,6.899
1786116760.607,S2,recommend,0,prior,0.0,,,,0.975,,0.975
1786116760.607,S2,reserve,0,prior,0.0,,,,1.332,,1.332
1786116760.607,S2,search,0,prior,0.0,,,,4.287,,4.287
1786116760.607,S3,recommend,700,obs,0.9788,0.6918,1.312,37.8,1.0,1.312,1.312
1786116760.607,S3,reserve,350,obs,0.9753,0.8197,1.079,35.3,1.348,1.079,1.079
1786116760.607,S3,search,522,obs,0.9791,3.4744,4.454,40.4,4.019,4.454,4.454
1786116761.607,S1,recommend,0,prior,0.0,,,,1.24,,1.24
1786116761.607,S1,reserve,0,prior,0.0,,,,1.658,,1.658
1786116761.607,S1,search,0,prior,0.0,,,,6.899,,6.899
1786116761.607,S2,recommend,0,prior,0.0,,,,0.975,,0.975
1786116761.607,S2,reserve,0,prior,0.0,,,,1.332,,1.332
1786116761.607,S2,search,0,prior,0.0,,,,4.287,,4.287
1786116761.607,S3,recommend,704,obs,0.9828,0.7103,1.331,32.9,1.0,1.331,1.331
1786116761.607,S3,reserve,346,obs,0.9754,0.8011,1.025,45.4,1.348,1.025,1.025
1786116761.607,S3,search,524,obs,0.9779,3.4586,4.419,37.8,4.019,4.419,4.419
1786116762.607,S1,recommend,0,prior,0.0,,,,1.24,,1.24
1786116762.607,S1,reserve,0,prior,0.0,,,,1.658,,1.658
1786116762.607,S1,search,0,prior,0.0,,,,6.899,,6.899
1786116762.607,S2,recommend,0,prior,0.0,,,,0.975,,0.975
1786116762.607,S2,reserve,0,prior,0.0,,,,1.332,,1.332
1786116762.607,S2,search,0,prior,0.0,,,,4.287,,4.287
1786116762.607,S3,recommend,700,obs,0.9816,0.7199,1.431,30.4,1.0,1.431,1.431
1786116762.607,S3,reserve,348,obs,0.9791,0.8243,1.03,40.3,1.348,1.03,1.03
1786116762.607,S3,search,527,obs,0.9809,3.4918,4.569,33.6,4.019,4.569,4.569
1786116763.607,S1,recommend,0,prior,0.0,,,,1.24,,1.24
1786116763.607,S1,reserve,0,prior,0.0,,,,1.658,,1.658
1786116763.607,S1,search,0,prior,0.0,,,,6.899,,6.899
1786116763.607,S2,recommend,0,prior,0.0,,,,0.975,,0.975
1786116763.607,S2,reserve,0,prior,0.0,,,,1.332,,1.332
1786116763.607,S2,search,0,prior,0.0,,,,4.287,,4.287
1786116763.607,S3,recommend,698,obs,0.9841,0.6956,1.341,30.4,1.0,1.341,1.341
1786116763.607,S3,reserve,352,obs,0.9791,0.8306,1.088,35.4,1.348,1.088,1.088
1786116763.607,S3,search,526,obs,0.9791,3.4828,4.504,32.9,4.019,4.504,4.504
1786116764.607,S1,recommend,0,prior,0.0,,,,1.24,,1.24
1786116764.607,S1,reserve,0,prior,0.0,,,,1.658,,1.658
1786116764.607,S1,search,0,prior,0.0,,,,6.899,,6.899
1786116764.607,S2,recommend,0,prior,0.0,,,,0.975,,0.975
1786116764.607,S2,reserve,0,prior,0.0,,,,1.332,,1.332
1786116764.607,S2,search,0,prior,0.0,,,,4.287,,4.287
1786116764.607,S3,recommend,700,obs,0.9829,0.6999,1.303,32.8,1.0,1.303,1.303
1786116764.607,S3,reserve,354,obs,0.9792,0.8076,1.06,30.3,1.348,1.06,1.06
1786116764.607,S3,search,522,obs,0.98,3.4563,4.374,35.4,4.019,4.374,4.374
1786116765.607,S1,recommend,0,prior,0.0,,,,1.24,,1.24
1786116765.607,S1,reserve,0,prior,0.0,,,,1.658,,1.658
1786116765.607,S1,search,0,prior,0.0,,,,6.899,,6.899
1786116765.607,S2,recommend,0,prior,0.0,,,,0.975,,0.975
1786116765.607,S2,reserve,0,prior,0.0,,,,1.332,,1.332
1786116765.607,S2,search,0,prior,0.0,,,,4.287,,4.287
1786116765.607,S3,recommend,704,obs,0.9829,0.7095,1.388,27.8,1.0,1.388,1.388
1786116765.607,S3,reserve,350,obs,0.9829,0.8091,1.049,32.8,1.348,1.049,1.049
1786116765.607,S3,search,524,obs,0.9828,3.4616,4.415,30.4,4.019,4.415,4.415
1786116766.607,S1,recommend,0,prior,0.0,,,,1.24,,1.24
1786116766.607,S1,reserve,0,prior,0.0,,,,1.658,,1.658
1786116766.607,S1,search,0,prior,0.0,,,,6.899,,6.899
1786116766.607,S2,recommend,0,prior,0.0,,,,0.975,,0.975
1786116766.607,S2,reserve,0,prior,0.0,,,,1.332,,1.332
1786116766.607,S2,search,0,prior,0.0,,,,4.287,,4.287
1786116766.607,S3,recommend,704,obs,0.9828,0.7048,1.356,30.4,1.0,1.356,1.356
1786116766.607,S3,reserve,347,obs,0.9825,0.8065,1.02,28.6,1.348,1.02,1.02
1786116766.607,S3,search,526,obs,0.9816,3.4977,4.534,35.4,4.019,4.534,4.534
1786116767.607,S1,recommend,0,prior,0.0,,,,1.24,,1.24
1786116767.607,S1,reserve,0,prior,0.0,,,,1.658,,1.658
1786116767.607,S1,search,0,prior,0.0,,,,6.899,,6.899
1786116767.607,S2,recommend,0,prior,0.0,,,,0.975,,0.975
1786116767.607,S2,reserve,0,prior,0.0,,,,1.332,,1.332
1786116767.607,S2,search,0,prior,0.0,,,,4.287,,4.287
1786116767.607,S3,recommend,664,obs,0.9341,0.721,1.396,130.4,1.0,1.396,1.396
1786116767.607,S3,reserve,336,obs,0.9341,0.8552,1.011,127.9,1.348,1.011,1.011
1786116767.607,S3,search,498,obs,0.9304,3.5673,4.595,132.8,4.019,4.595,4.595
1786116768.607,S1,recommend,0,prior,0.0,,,,1.24,,1.24
1786116768.607,S1,reserve,0,prior,0.0,,,,1.658,,1.658
1786116768.607,S1,search,0,prior,0.0,,,,6.899,,6.899
1786116768.607,S2,recommend,0,prior,0.0,,,,0.975,,0.975
1786116768.607,S2,reserve,0,prior,0.0,,,,1.332,,1.332
1786116768.607,S2,search,0,prior,0.0,,,,4.287,,4.287
1786116768.607,S3,recommend,668,obs,0.935,0.7046,1.313,125.4,1.0,1.313,1.313
1786116768.607,S3,reserve,334,obs,0.9304,0.8748,1.027,130.3,1.348,1.027,1.027
1786116768.607,S3,search,498,obs,0.9354,3.5315,4.524,127.9,4.019,4.524,4.524
1786116769.607,S1,recommend,0,prior,0.0,,,,1.24,,1.24
1786116769.607,S1,reserve,0,prior,0.0,,,,1.658,,1.658
1786116769.607,S1,search,0,prior,0.0,,,,6.899,,6.899
1786116769.607,S2,recommend,0,prior,0.0,,,,0.975,,0.975
1786116769.607,S2,reserve,0,prior,0.0,,,,1.332,,1.332
1786116769.607,S2,search,0,prior,0.0,,,,4.287,,4.287
1786116769.607,S3,recommend,668,obs,0.9341,0.6917,1.297,127.9,1.0,1.297,1.297
1786116769.607,S3,reserve,332,obs,0.9303,0.8235,1.087,125.4,1.348,1.087,1.087
1786116769.607,S3,search,500,obs,0.9325,3.4432,4.397,132.9,4.019,4.397,4.397
1786116770.607,S1,recommend,0,prior,0.0,,,,1.24,,1.24
1786116770.607,S1,reserve,0,prior,0.0,,,,1.658,,1.658
1786116770.607,S1,search,0,prior,0.0,,,,6.899,,6.899
1786116770.607,S2,recommend,0,prior,0.0,,,,0.975,,0.975
1786116770.607,S2,reserve,0,prior,0.0,,,,1.332,,1.332
1786116770.607,S2,search,0,prior,0.0,,,,4.287,,4.287
1786116770.607,S3,recommend,670,obs,0.9379,0.7003,1.301,122.9,1.0,1.301,1.301
1786116770.607,S3,reserve,333,obs,0.9374,0.8105,1.071,121.2,1.348,1.071,1.071
1786116770.607,S3,search,500,obs,0.9329,3.4521,4.427,127.9,4.019,4.427,4.427
1786116771.607,S1,recommend,0,prior,0.0,,,,1.24,,1.24
1786116771.607,S1,reserve,0,prior,0.0,,,,1.658,,1.658
1786116771.607,S1,search,0,prior,0.0,,,,6.899,,6.899
1786116771.607,S2,recommend,0,prior,0.0,,,,0.975,,0.975
1786116771.607,S2,reserve,0,prior,0.0,,,,1.332,,1.332
1786116771.607,S2,search,0,prior,0.0,,,,4.287,,4.287
1786116771.607,S3,recommend,666,obs,0.9366,0.7622,1.471,120.4,1.0,1.471,1.471
1786116771.607,S3,reserve,334,obs,0.9341,0.8463,1.075,130.4,1.348,1.075,1.075
1786116771.607,S3,search,504,obs,0.9366,3.5508,4.548,122.9,4.019,4.548,4.548
1786116772.607,S1,recommend,0,prior,0.0,,,,1.24,,1.24
1786116772.607,S1,reserve,0,prior,0.0,,,,1.658,,1.658
1786116772.607,S1,search,0,prior,0.0,,,,6.899,,6.899
1786116772.607,S2,recommend,0,prior,0.0,,,,0.975,,0.975
1786116772.607,S2,reserve,0,prior,0.0,,,,1.332,,1.332
1786116772.607,S2,search,0,prior,0.0,,,,4.287,,4.287
1786116772.607,S3,recommend,668,obs,0.9391,0.7415,1.485,120.4,1.0,1.485,1.485
1786116772.607,S3,reserve,337,obs,0.9375,0.8647,1.215,118.7,1.348,1.215,1.215
1786116772.607,S3,search,500,obs,0.9341,3.5362,4.622,122.9,4.019,4.622,4.622
1786116773.607,S1,recommend,0,prior,0.0,,,,1.24,,1.24
1786116773.607,S1,reserve,0,prior,0.0,,,,1.658,,1.658
1786116773.607,S1,search,0,prior,0.0,,,,6.899,,6.899
1786116773.607,S2,recommend,0,prior,0.0,,,,0.975,,0.975
1786116773.607,S2,reserve,0,prior,0.0,,,,1.332,,1.332
1786116773.607,S2,search,0,prior,0.0,,,,4.287,,4.287
1786116773.607,S3,recommend,672,obs,0.9404,0.6912,1.276,117.9,1.0,1.276,1.276
1786116773.607,S3,reserve,334,obs,0.9342,0.8241,1.056,120.4,1.348,1.056,1.056
1786116773.607,S3,search,500,obs,0.9354,3.457,4.485,125.4,4.019,4.485,4.485
1786116774.607,S1,recommend,0,prior,0.0,,,,1.24,,1.24
1786116774.607,S1,reserve,0,prior,0.0,,,,1.658,,1.658
1786116774.607,S1,search,0,prior,0.0,,,,6.899,,6.899
1786116774.607,S2,recommend,0,prior,0.0,,,,0.975,,0.975
1786116774.607,S2,reserve,0,prior,0.0,,,,1.332,,1.332
1786116774.607,S2,search,0,prior,0.0,,,,4.287,,4.287
1786116774.607,S3,recommend,670,obs,0.9379,0.7202,1.519,117.9,1.0,1.519,1.519
1786116774.607,S3,reserve,334,obs,0.9379,0.8316,1.14,123.0,1.348,1.14,1.14
1786116774.607,S3,search,502,obs,0.9378,3.4919,4.583,120.4,4.019,4.583,4.583
1786116775.607,S1,recommend,0,prior,0.0,,,,1.24,,1.24
1786116775.607,S1,reserve,0,prior,0.0,,,,1.658,,1.658
1786116775.607,S1,search,0,prior,0.0,,,,6.899,,6.899
1786116775.607,S2,recommend,0,prior,0.0,,,,0.975,,0.975
1786116775.607,S2,reserve,0,prior,0.0,,,,1.332,,1.332
1786116775.607,S2,search,0,prior,0.0,,,,4.287,,4.287
1786116775.607,S3,recommend,670,obs,0.9378,0.711,1.512,120.4,1.0,1.512,1.512
1786116775.607,S3,reserve,334,obs,0.9379,0.8211,1.095,117.9,1.348,1.095,1.095
1786116775.607,S3,search,502,obs,0.9366,3.5172,4.649,125.5,4.019,4.649,4.649
1786116776.607,S1,recommend,0,prior,0.0,,,,1.24,,1.24
1786116776.607,S1,reserve,0,prior,0.0,,,,1.658,,1.658
1786116776.607,S1,search,0,prior,0.0,,,,6.899,,6.899
1786116776.607,S2,recommend,0,prior,0.0,,,,0.975,,0.975
1786116776.607,S2,reserve,0,prior,0.0,,,,1.332,,1.332
1786116776.607,S2,search,0,prior,0.0,,,,4.287,,4.287
1786116776.607,S3,recommend,666,obs,0.9379,0.6904,1.303,122.9,1.0,1.303,1.303
1786116776.607,S3,reserve,336,obs,0.9341,0.8088,1.061,128.0,1.348,1.061,1.061
1786116776.607,S3,search,503,obs,0.9375,3.485,4.55,118.7,4.019,4.55,4.55
1786116777.607,S1,recommend,0,prior,0.0,,,,1.24,,1.24
1786116777.607,S1,reserve,0,prior,0.0,,,,1.658,,1.658
1786116777.607,S1,search,0,prior,0.0,,,,6.899,,6.899
1786116777.607,S2,recommend,0,prior,0.0,,,,0.975,,0.975
1786116777.607,S2,reserve,0,prior,0.0,,,,1.332,,1.332
1786116777.607,S2,search,0,prior,0.0,,,,4.287,,4.287
1786116777.607,S3,recommend,670,obs,0.9387,0.7121,1.379,118.0,1.0,1.379,1.379
1786116777.607,S3,reserve,338,obs,0.9379,0.9196,1.124,115.5,1.348,1.124,1.124
1786116777.607,S3,search,500,obs,0.9391,3.5515,4.504,120.5,4.019,4.504,4.504
1786116778.607,S1,recommend,0,prior,0.0,,,,1.24,,1.24
1786116778.607,S1,reserve,0,prior,0.0,,,,1.658,,1.658
1786116778.607,S1,search,0,prior,0.0,,,,6.899,,6.899
1786116778.607,S2,recommend,0,prior,0.0,,,,0.975,,0.975
1786116778.607,S2,reserve,0,prior,0.0,,,,1.332,,1.332
1786116778.607,S2,search,0,prior,0.0,,,,4.287,,4.287
1786116778.607,S3,recommend,673,obs,0.9412,0.7138,1.417,113.7,1.0,1.417,1.417
1786116778.607,S3,reserve,332,obs,0.9303,0.9176,1.104,125.5,1.348,1.104,1.104
1786116778.607,S3,search,504,obs,0.9404,3.5606,4.505,118.0,4.019,4.505,4.505
1786116779.607,S1,recommend,0,prior,0.0,,,,1.24,,1.24
1786116779.607,S1,reserve,0,prior,0.0,,,,1.658,,1.658
1786116779.607,S1,search,0,prior,0.0,,,,6.899,,6.899
1786116779.607,S2,recommend,0,prior,0.0,,,,0.975,,0.975
1786116779.607,S2,reserve,0,prior,0.0,,,,1.332,,1.332
1786116779.607,S2,search,0,prior,0.0,,,,4.287,,4.287
1786116779.607,S3,recommend,672,obs,0.9416,0.7159,1.396,115.5,1.0,1.396,1.396
1786116779.607,S3,reserve,334,obs,0.9379,0.8107,1.025,120.5,1.348,1.025,1.025
1786116779.607,S3,search,502,obs,0.9378,3.5128,4.597,118.0,4.019,4.597,4.597
1786116780.607,S1,recommend,0,prior,0.0,,,,1.24,,1.24
1786116780.607,S1,reserve,0,prior,0.0,,,,1.658,,1.658
1786116780.607,S1,search,0,prior,0.0,,,,6.899,,6.899
1786116780.607,S2,recommend,0,prior,0.0,,,,0.975,,0.975
1786116780.607,S2,reserve,0,prior,0.0,,,,1.332,,1.332
1786116780.607,S2,search,0,prior,0.0,,,,4.287,,4.287
1786116780.607,S3,recommend,669,obs,0.9412,0.7032,1.324,111.3,1.0,1.324,1.324
1786116780.607,S3,reserve,336,obs,0.9416,0.8255,1.081,115.5,1.348,1.081,1.081
1786116780.607,S3,search,505,obs,0.9409,3.5113,4.509,113.7,4.019,4.509,4.509
1786116781.607,S1,recommend,0,prior,0.0,,,,1.24,,1.24
1786116781.607,S1,reserve,0,prior,0.0,,,,1.658,,1.658
1786116781.607,S1,search,0,prior,0.0,,,,6.899,,6.899
1786116781.607,S2,recommend,0,prior,0.0,,,,0.975,,0.975
1786116781.607,S2,reserve,0,prior,0.0,,,,1.332,,1.332
1786116781.607,S2,search,0,prior,0.0,,,,4.287,,4.287
1786116781.607,S3,recommend,670,obs,0.9425,0.6862,1.296,113.0,1.0,1.296,1.296
1786116781.607,S3,reserve,338,obs,0.9379,0.8248,1.081,118.0,1.348,1.081,1.081
1786116781.607,S3,search,502,obs,0.9374,3.461,4.368,115.5,4.019,4.368,4.368
1786116782.607,S1,recommend,0,prior,0.0,,,,1.24,,1.24
1786116782.607,S1,reserve,0,prior,0.0,,,,1.658,,1.658
1786116782.607,S1,search,0,prior,0.0,,,,6.899,,6.899
1786116782.607,S2,recommend,0,prior,0.0,,,,0.975,,0.975
1786116782.607,S2,reserve,0,prior,0.0,,,,1.332,,1.332
1786116782.607,S2,search,0,prior,0.0,,,,4.287,,4.287
1786116782.607,S3,recommend,674,obs,0.9416,0.6908,1.332,115.5,1.0,1.332,1.332
1786116782.607,S3,reserve,336,obs,0.9379,0.8191,1.036,113.0,1.348,1.036,1.036
1786116782.607,S3,search,500,obs,0.9353,3.4244,4.428,125.6,4.019,4.428,4.428
1786116783.607,S1,recommend,0,prior,0.0,,,,1.24,,1.24
1786116783.607,S1,reserve,0,prior,0.0,,,,1.658,,1.658
1786116783.607,S1,search,0,prior,0.0,,,,6.899,,6.899
1786116783.607,S2,recommend,0,prior,0.0,,,,0.975,,0.975
1786116783.607,S2,reserve,0,prior,0.0,,,,1.332,,1.332
1786116783.607,S2,search,0,prior,0.0,,,,4.287,,4.287
1786116783.607,S3,recommend,674,obs,0.9416,0.706,1.328,110.6,1.0,1.328,1.328
1786116783.607,S3,reserve,335,obs,0.945,0.8036,1.005,108.8,1.348,1.005,1.005
1786116783.607,S3,search,504,obs,0.9404,3.4537,4.437,115.5,4.019,4.437,4.437
1786116784.607,S1,recommend,0,prior,0.0,,,,1.24,,1.24
1786116784.607,S1,reserve,0,prior,0.0,,,,1.658,,1.658
1786116784.607,S1,search,0,prior,0.0,,,,6.899,,6.899
1786116784.607,S2,recommend,0,prior,0.0,,,,0.975,,0.975
1786116784.607,S2,reserve,0,prior,0.0,,,,1.332,,1.332
1786116784.607,S2,search,0,prior,0.0,,,,4.287,,4.287
1786116784.607,S3,recommend,674,obs,0.9441,0.7154,1.327,108.1,1.0,1.327,1.327
1786116784.607,S3,reserve,334,obs,0.9379,0.7934,0.995,118.1,1.348,0.995,0.995
1786116784.607,S3,search,506,obs,0.9438,3.5039,4.46,110.6,4.019,4.46,4.46
1786116785.607,S1,recommend,0,prior,0.0,,,,1.24,,1.24
1786116785.607,S1,reserve,0,prior,0.0,,,,1.658,,1.658
1786116785.607,S1,search,0,prior,0.0,,,,6.899,,6.899
1786116785.607,S2,recommend,0,prior,0.0,,,,0.975,,0.975
1786116785.607,S2,reserve,0,prior,0.0,,,,1.332,,1.332
1786116785.607,S2,search,0,prior,0.0,,,,4.287,,4.287
1786116785.607,S3,recommend,670,obs,0.9454,0.714,1.36,108.1,1.0,1.36,1.36
1786116785.607,S3,reserve,338,obs,0.9416,0.8035,1.015,113.0,1.348,1.015,1.015
1786116785.607,S3,search,506,obs,0.9417,3.4756,4.46,110.6,4.019,4.46,4.46
1786116786.607,S1,recommend,0,prior,0.0,,,,1.24,,1.24
1786116786.607,S1,reserve,0,prior,0.0,,,,1.658,,1.658
1786116786.607,S1,search,0,prior,0.0,,,,6.899,,6.899
1786116786.607,S2,recommend,0,prior,0.0,,,,0.975,,0.975
1786116786.607,S2,reserve,0,prior,0.0,,,,1.332,,1.332
1786116786.607,S2,search,0,prior,0.0,,,,4.287,,4.287
1786116786.607,S3,recommend,672,obs,0.9429,0.7044,1.379,110.6,1.0,1.379,1.379
1786116786.607,S3,reserve,340,obs,0.9416,0.8254,1.073,108.1,1.348,1.073,1.073
1786116786.607,S3,search,502,obs,0.9425,3.466,4.469,113.1,4.019,4.469,4.469
1786116787.607,S1,recommend,0,prior,0.0,,,,1.24,,1.24
1786116787.607,S1,reserve,0,prior,0.0,,,,1.658,,1.658
1786116787.607,S1,search,0,prior,0.0,,,,6.899,,6.899
1786116787.607,S2,recommend,0,prior,0.0,,,,0.975,,0.975
1786116787.607,S2,reserve,0,prior,0.0,,,,1.332,,1.332
1786116787.607,S2,search,0,prior,0.0,,,,4.287,,4.287
1786116787.607,S3,recommend,676,obs,0.9454,0.77,1.434,105.6,1.0,1.434,1.434
1786116787.607,S3,reserve,334,obs,0.9378,0.883,1.036,110.6,1.348,1.036,1.036
1786116787.607,S3,search,506,obs,0.9454,3.5541,4.679,108.1,4.019,4.679,4.679
1786116788.607,S1,recommend,0,prior,0.0,,,,1.24,,1.24
1786116788.607,S1,reserve,0,prior,0.0,,,,1.658,,1.658
1786116788.607,S1,search,0,prior,0.0,,,,6.899,,6.899
1786116788.607,S2,recommend,0,prior,0.0,,,,0.975,,0.975
1786116788.607,S2,reserve,0,prior,0.0,,,,1.332,,1.332
1786116788.607,S2,search,0,prior,0.0,,,,4.287,,4.287
1786116788.607,S3,recommend,676,obs,0.9453,0.7828,1.42,108.1,1.0,1.42,1.42
1786116788.607,S3,reserve,336,obs,0.9454,0.8611,1.01,105.6,1.348,1.01,1.01
1786116788.607,S3,search,504,obs,0.9404,3.5777,4.679,113.1,4.019,4.679,4.679
1786116789.607,S1,recommend,0,prior,0.0,,,,1.24,,1.24
1786116789.607,S1,reserve,0,prior,0.0,,,,1.658,,1.658
1786116789.607,S1,search,0,prior,0.0,,,,6.899,,6.899
1786116789.607,S2,recommend,0,prior,0.0,,,,0.975,,0.975
1786116789.607,S2,reserve,0,prior,0.0,,,,1.332,,1.332
1786116789.607,S2,search,0,prior,0.0,,,,4.287,,4.287
1786116789.607,S3,recommend,674,obs,0.9454,0.7152,1.317,103.1,1.0,1.317,1.317
1786116789.607,S3,reserve,336,obs,0.9416,0.8065,1.009,115.6,1.348,1.009,1.009
1786116789.607,S3,search,508,obs,0.9441,3.5007,4.449,108.1,4.019,4.449,4.449
1786116790.607,S1,recommend,0,prior,0.0,,,,1.24,,1.24
1786116790.607,S1,reserve,0,prior,0.0,,,,1.658,,1.658
1786116790.607,S1,search,0,prior,0.0,,,,6.899,,6.899
1786116790.607,S2,recommend,0,prior,0.0,,,,0.975,,0.975
1786116790.607,S2,reserve,0,prior,0.0,,,,1.332,,1.332
1786116790.607,S2,search,0,prior,0.0,,,,4.287,,4.287
1786116790.607,S3,recommend,674,obs,0.9491,0.7858,1.531,100.6,1.0,1.531,1.531
1786116790.607,S3,reserve,340,obs,0.9416,0.8838,1.271,110.7,1.348,1.271,1.271
1786116790.607,S3,search,504,obs,0.9416,3.7011,5.214,108.1,4.019,5.214,5.214
1786116791.607,S1,recommend,0,prior,0.0,,,,1.24,,1.24
1786116791.607,S1,reserve,0,prior,0.0,,,,1.658,,1.658
1786116791.607,S1,search,0,prior,0.0,,,,6.899,,6.899
1786116791.607,S2,recommend,0,prior,0.0,,,,0.975,,0.975
1786116791.607,S2,reserve,0,prior,0.0,,,,1.332,,1.332
1786116791.607,S2,search,0,prior,0.0,,,,4.287,,4.287
1786116791.607,S3,recommend,678,obs,0.9491,0.9012,1.965,100.6,1.0,1.965,1.965
1786116791.607,S3,reserve,338,obs,0.9416,0.9811,1.805,105.6,1.348,1.805,1.805
1786116791.607,S3,search,504,obs,0.9466,3.9395,5.857,103.1,4.019,5.857,5.857
1786116792.607,S1,recommend,0,prior,0.0,,,,1.24,,1.24
1786116792.607,S1,reserve,0,prior,0.0,,,,1.658,,1.658
1786116792.607,S1,search,0,prior,0.0,,,,6.899,,6.899
1786116792.607,S2,recommend,0,prior,0.0,,,,0.975,,0.975
1786116792.607,S2,reserve,0,prior,0.0,,,,1.332,,1.332
1786116792.607,S2,search,0,prior,0.0,,,,4.287,,4.287
1786116792.607,S3,recommend,676,obs,0.9454,0.9096,2.144,103.2,1.0,2.144,2.144
1786116792.607,S3,reserve,338,obs,0.9491,1.003,1.911,100.7,1.348,1.911,1.911
1786116792.607,S3,search,506,obs,0.9454,3.9226,5.829,105.6,4.019,5.829,5.829
1786116793.607,S1,recommend,0,prior,0.0,,,,1.24,,1.24
1786116793.607,S1,reserve,0,prior,0.0,,,,1.658,,1.658
1786116793.607,S1,search,0,prior,0.0,,,,6.899,,6.899
1786116793.607,S2,recommend,0,prior,0.0,,,,0.975,,0.975
1786116793.607,S2,reserve,0,prior,0.0,,,,1.332,,1.332
1786116793.607,S2,search,0,prior,0.0,,,,4.287,,4.287
1786116793.607,S3,recommend,678,obs,0.9491,0.8181,1.724,98.1,1.0,1.724,1.724
1786116793.607,S3,reserve,336,obs,0.945,0.9515,1.528,103.1,1.348,1.528,1.528
1786116793.607,S3,search,508,obs,0.9491,3.8367,5.404,100.7,4.019,5.404,5.404
1786116794.607,S1,recommend,0,prior,0.0,,,,1.24,,1.24
1786116794.607,S1,reserve,0,prior,0.0,,,,1.658,,1.658
1786116794.607,S1,search,0,prior,0.0,,,,6.899,,6.899
1786116794.607,S2,recommend,0,prior,0.0,,,,0.975,,0.975
1786116794.607,S2,reserve,0,prior,0.0,,,,1.332,,1.332
1786116794.607,S2,search,0,prior,0.0,,,,4.287,,4.287
1786116794.607,S3,recommend,674,obs,0.9491,0.7269,1.343,100.7,1.0,1.343,1.343
1786116794.607,S3,reserve,340,obs,0.9491,0.8514,1.159,98.1,1.348,1.159,1.159
1786116794.607,S3,search,508,obs,0.9441,3.5546,4.807,105.7,4.019,4.807,4.807
1786116795.607,S1,recommend,0,prior,0.0,,,,1.24,,1.24
1786116795.607,S1,reserve,0,prior,0.0,,,,1.658,,1.658
1786116795.607,S1,search,0,prior,0.0,,,,6.899,,6.899
1786116795.607,S2,recommend,0,prior,0.0,,,,0.975,,0.975
1786116795.607,S2,reserve,0,prior,0.0,,,,1.332,,1.332
1786116795.607,S2,search,0,prior,0.0,,,,4.287,,4.287
1786116795.607,S3,recommend,678,obs,0.9504,0.7224,1.447,95.7,1.0,1.447,1.447
1786116795.607,S3,reserve,340,obs,0.9416,0.8339,1.137,108.2,1.348,1.137,1.137
1786116795.607,S3,search,506,obs,0.9487,3.4438,4.519,100.6,4.019,4.519,4.519
1786116796.607,S1,recommend,0,prior,0.0,,,,1.24,,1.24
1786116796.607,S1,reserve,0,prior,0.0,,,,1.658,,1.658
1786116796.607,S1,search,0,prior,0.0,,,,6.899,,6.899
1786116796.607,S2,recommend,0,prior,0.0,,,,0.975,,0.975
1786116796.607,S2,reserve,0,prior,0.0,,,,1.332,,1.332
1786116796.607,S2,search,0,prior,0.0,,,,4.287,,4.287
1786116796.607,S3,recommend,680,obs,0.9516,0.7255,1.513,93.2,1.0,1.513,1.513
1786116796.607,S3,reserve,336,obs,0.9416,0.8552,1.405,103.1,1.348,1.405,1.405
1786116796.607,S3,search,509,obs,0.9513,3.5202,4.715,96.3,4.019,4.715,4.715
1786116797.607,S1,recommend,0,prior,0.0,,,,1.24,,1.24
1786116797.607,S1,reserve,0,prior,0.0,,,,1.658,,1.658
1786116797.607,S1,search,0,prior,0.0,,,,6.899,,6.899
1786116797.607,S2,recommend,0,prior,0.0,,,,0.975,,0.975
1786116797.607,S2,reserve,0,prior,0.0,,,,1.332,,1.332
1786116797.607,S2,search,0,prior,0.0,,,,4.287,,4.287
1786116797.607,S3,recommend,680,obs,0.9529,0.7842,1.42,93.2,1.0,1.42,1.42
1786116797.607,S3,reserve,338,obs,0.9491,0.8815,1.491,98.2,1.348,1.491,1.491
1786116797.607,S3,search,508,obs,0.9487,3.6841,4.903,95.7,4.019,4.903,4.903
1786116798.607,S1,recommend,0,prior,0.0,,,,1.24,,1.24
1786116798.607,S1,reserve,0,prior,0.0,,,,1.658,,1.658
1786116798.607,S1,search,0,prior,0.0,,,,6.899,,6.899
1786116798.607,S2,recommend,0,prior,0.0,,,,0.975,,0.975
1786116798.607,S2,reserve,0,prior,0.0,,,,1.332,,1.332
1786116798.607,S2,search,0,prior,0.0,,,,4.287,,4.287
1786116798.607,S3,recommend,676,obs,0.9491,0.7792,1.419,95.7,1.0,1.419,1.419
1786116798.607,S3,reserve,340,obs,0.9529,0.8716,1.176,93.2,1.348,1.176,1.176
1786116798.607,S3,search,510,obs,0.9491,3.65,4.91,98.2,4.019,4.91,4.91
1786116799.607,S1,recommend,0,prior,0.0,,,,1.24,,1.24
1786116799.607,S1,reserve,0,prior,0.0,,,,1.658,,1.658
1786116799.607,S1,search,0,prior,0.0,,,,6.899,,6.899
1786116799.607,S2,recommend,0,prior,0.0,,,,0.975,,0.975
1786116799.607,S2,reserve,0,prior,0.0,,,,1.332,,1.332
1786116799.607,S2,search,0,prior,0.0,,,,4.287,,4.287
1786116799.607,S3,recommend,678,obs,0.9541,0.6963,1.352,90.7,1.0,1.352,1.352
1786116799.607,S3,reserve,342,obs,0.9491,0.8223,1.032,95.7,1.348,1.032,1.032
1786116799.607,S3,search,508,obs,0.9491,3.483,4.667,93.2,4.019,4.667,4.667
1786116800.607,S1,recommend,0,prior,0.0,,,,1.24,,1.24
1786116800.607,S1,reserve,0,prior,0.0,,,,1.658,,1.658
1786116800.607,S1,search,0,prior,0.0,,,,6.899,,6.899
1786116800.607,S2,recommend,0,prior,0.0,,,,0.975,,0.975
1786116800.607,S2,reserve,0,prior,0.0,,,,1.332,,1.332
1786116800.607,S2,search,0,prior,0.0,,,,4.287,,4.287
1786116800.607,S3,recommend,682,obs,0.9529,0.7186,1.424,93.2,1.0,1.424,1.424
1786116800.607,S3,reserve,340,obs,0.9491,0.8088,1.033,90.7,1.348,1.033,1.033
1786116800.607,S3,search,506,obs,0.9483,3.4875,4.685,98.2,4.019,4.685,4.685
1786116801.607,S1,recommend,0,prior,0.0,,,,1.24,,1.24
1786116801.607,S1,reserve,0,prior,0.0,,,,1.658,,1.658
1786116801.607,S1,search,0,prior,0.0,,,,6.899,,6.899
1786116801.607,S2,recommend,0,prior,0.0,,,,0.975,,0.975
1786116801.607,S2,reserve,0,prior,0.0,,,,1.332,,1.332
1786116801.607,S2,search,0,prior,0.0,,,,4.287,,4.287
1786116801.607,S3,recommend,682,obs,0.9528,0.7147,1.385,88.2,1.0,1.385,1.385
1786116801.607,S3,reserve,338,obs,0.9491,0.8074,1.009,100.8,1.348,1.009,1.009
1786116801.607,S3,search,510,obs,0.9516,3.4813,4.568,93.3,4.019,4.568,4.568
1786116802.607,S1,recommend,0,prior,0.0,,,,1.24,,1.24
1786116802.607,S1,reserve,0,prior,0.0,,,,1.658,,1.658
1786116802.607,S1,search,0,prior,0.0,,,,6.899,,6.899
1786116802.607,S2,recommend,0,prior,0.0,,,,0.975,,0.975
1786116802.607,S2,reserve,0,prior,0.0,,,,1.332,,1.332
1786116802.607,S2,search,0,prior,0.0,,,,4.287,,4.287
1786116802.607,S3,recommend,681,obs,0.955,0.6988,1.34,86.5,1.0,1.34,1.34
1786116802.607,S3,reserve,338,obs,0.9491,0.8029,1.004,95.8,1.348,1.004,1.004
1786116802.607,S3,search,511,obs,0.955,3.5096,4.465,89.0,4.019,4.465,4.465
1786116803.607,S1,recommend,0,prior,0.0,,,,1.24,,1.24
1786116803.607,S1,reserve,0,prior,0.0,,,,1.658,,1.658
1786116803.607,S1,search,0,prior,0.0,,,,6.899,,6.899
1786116803.607,S2,recommend,0,prior,0.0,,,,0.975,,0.975
1786116803.607,S2,reserve,0,prior,0.0,,,,1.332,,1.332
1786116803.607,S2,search,0,prior,0.0,,,,4.287,,4.287
1786116803.607,S3,recommend,678,obs,0.9566,0.7053,1.351,85.8,1.0,1.351,1.351
1786116803.607,S3,reserve,342,obs,0.9528,0.8049,1.026,90.8,1.348,1.026,1.026
1786116803.607,S3,search,512,obs,0.9529,3.5007,4.576,88.3,4.019,4.576,4.576
1786116804.607,S1,recommend,0,prior,0.0,,,,1.24,,1.24
1786116804.607,S1,reserve,0,prior,0.0,,,,1.658,,1.658
1786116804.607,S1,search,0,prior,0.0,,,,6.899,,6.899
1786116804.607,S2,recommend,0,prior,0.0,,,,0.975,,0.975
1786116804.607,S2,reserve,0,prior,0.0,,,,1.332,,1.332
1786116804.607,S2,search,0,prior,0.0,,,,4.287,,4.287
1786116804.607,S3,recommend,680,obs,0.9541,0.7006,1.33,88.3,1.0,1.33,1.33
1786116804.607,S3,reserve,344,obs,0.9528,0.8174,1.009,85.7,1.348,1.009,1.009
1786116804.607,S3,search,508,obs,0.9541,3.4733,4.527,90.8,4.019,4.527,4.527
1786116805.607,S1,recommend,0,prior,0.0,,,,1.24,,1.24
1786116805.607,S1,reserve,0,prior,0.0,,,,1.658,,1.658
1786116805.607,S1,search,0,prior,0.0,,,,6.899,,6.899
1786116805.607,S2,recommend,0,prior,0.0,,,,0.975,,0.975
1786116805.607,S2,reserve,0,prior,0.0,,,,1.332,,1.332
1786116805.607,S2,search,0,prior,0.0,,,,4.287,,4.287
1786116805.607,S3,recommend,682,obs,0.9529,0.7119,1.387,90.8,1.0,1.387,1.387
1786116805.607,S3,reserve,338,obs,0.9491,0.8226,1.039,88.3,1.348,1.039,1.039
1786116805.607,S3,search,510,obs,0.9516,3.4656,4.471,95.8,4.019,4.471,4.471
1786116806.607,S1,recommend,0,prior,0.0,,,,1.24,,1.24
1786116806.607,S1,reserve,0,prior,0.0,,,,1.658,,1.658
1786116806.607,S1,search,0,prior,0.0,,,,6.899,,6.899
1786116806.607,S2,recommend,0,prior,0.0,,,,0.975,,0.975
1786116806.607,S2,reserve,0,prior,0.0,,,,1.332,,1.332
1786116806.607,S2,search,0,prior,0.0,,,,4.287,,4.287
1786116806.607,S3,recommend,684,obs,0.9566,0.7369,1.458,85.8,1.0,1.458,1.458
1786116806.607,S3,reserve,340,obs,0.9566,0.8081,1.069,83.3,1.348,1.069,1.069
1786116806.607,S3,search,510,obs,0.9516,3.4786,4.511,90.8,4.019,4.511,4.511
1786116807.607,S1,recommend,0,prior,0.0,,,,1.24,,1.24
1786116807.607,S1,reserve,0,prior,0.0,,,,1.658,,1.658
1786116807.607,S1,search,0,prior,0.0,,,,6.899,,6.899
1786116807.607,S2,recommend,0,prior,0.0,,,,0.975,,0.975
1786116807.607,S2,reserve,0,prior,0.0,,,,1.332,,1.332
1786116807.607,S2,search,0,prior,0.0,,,,4.287,,4.287
1786116807.607,S3,recommend,682,obs,0.9566,0.7335,1.444,80.8,1.0,1.444,1.444
1786116807.607,S3,reserve,340,obs,0.9529,0.876,1.203,93.3,1.348,1.203,1.203
1786116807.607,S3,search,514,obs,0.955,3.5504,4.607,85.8,4.019,4.607,4.607
1786116808.607,S1,recommend,0,prior,0.0,,,,1.24,,1.24
1786116808.607,S1,reserve,0,prior,0.0,,,,1.658,,1.658
1786116808.607,S1,search,0,prior,0.0,,,,6.899,,6.899
1786116808.607,S2,recommend,0,prior,0.0,,,,0.975,,0.975
1786116808.607,S2,reserve,0,prior,0.0,,,,1.332,,1.332
1786116808.607,S2,search,0,prior,0.0,,,,4.287,,4.287
1786116808.607,S3,recommend,680,obs,0.9579,0.71,1.374,83.3,1.0,1.374,1.374
1786116808.607,S3,reserve,344,obs,0.9529,0.8801,1.205,88.3,1.348,1.205,1.205
1786116808.607,S3,search,510,obs,0.9528,3.5484,4.696,85.8,4.019,4.696,4.696
1786116809.607,S1,recommend,0,prior,0.0,,,,1.24,,1.24
1786116809.607,S1,reserve,0,prior,0.0,,,,1.658,,1.658
1786116809.607,S1,search,0,prior,0.0,,,,6.899,,6.899
1786116809.607,S2,recommend,0,prior,0.0,,,,0.975,,0.975
1786116809.607,S2,reserve,0,prior,0.0,,,,1.332,,1.332
1786116809.607,S2,search,0,prior,0.0,,,,4.287,,4.287
1786116809.607,S3,recommend,685,obs,0.96,0.6836,1.284,79.1,1.0,1.284,1.284
1786116809.607,S3,reserve,342,obs,0.9529,0.8195,1.099,83.3,1.348,1.099,1.099
1786116809.607,S3,search,509,obs,0.9574,3.4671,4.4,81.6,4.019,4.4,4.4
1786116810.607,S1,recommend,0,prior,0.0,,,,1.24,,1.24
1786116810.607,S1,reserve,0,prior,0.0,,,,1.658,,1.658
1786116810.607,S1,search,0,prior,0.0,,,,6.899,,6.899
1786116810.607,S2,recommend,0,prior,0.0,,,,0.975,,0.975
1786116810.607,S2,reserve,0,prior,0.0,,,,1.332,,1.332
1786116810.607,S2,search,0,prior,0.0,,,,4.287,,4.287
1786116810.607,S3,recommend,684,obs,0.9566,0.7023,1.345,80.8,1.0,1.345,1.345
1786116810.607,S3,reserve,340,obs,0.9566,0.8105,1.041,85.8,1.348,1.041,1.041
1786116810.607,S3,search,512,obs,0.9562,3.4671,4.491,83.3,4.019,4.491,4.491
1786116811.607,S1,recommend,0,prior,0.0,,,,1.24,,1.24
1786116811.607,S1,reserve,0,prior,0.0,,,,1.658,,1.658
1786116811.607,S1,search,0,prior,0.0,,,,6.899,,6.899
1786116811.607,S2,recommend,0,prior,0.0,,,,0.975,,0.975
1786116811.607,S2,reserve,0,prior,0.0,,,,1.332,,1.332
1786116811.607,S2,search,0,prior,0.0,,,,4.287,,4.287
1786116811.607,S3,recommend,684,obs,0.9566,0.7142,1.396,83.4,1.0,1.396,1.396
1786116811.607,S3,reserve,340,obs,0.9566,0.7902,0.99,80.8,1.348,0.99,0.99
1786116811.607,S3,search,512,obs,0.9554,3.5049,4.614,88.4,4.019,4.614,4.614
1786116812.607,S1,recommend,0,prior,0.0,,,,1.24,,1.24
1786116812.607,S1,reserve,0,prior,0.0,,,,1.658,,1.658
1786116812.607,S1,search,0,prior,0.0,,,,6.899,,6.899
1786116812.607,S2,recommend,0,prior,0.0,,,,0.975,,0.975
1786116812.607,S2,reserve,0,prior,0.0,,,,1.332,,1.332
1786116812.607,S2,search,0,prior,0.0,,,,4.287,,4.287
1786116812.607,S3,recommend,682,obs,0.9604,0.6962,1.318,78.3,1.0,1.318,1.318
1786116812.607,S3,reserve,343,obs,0.96,0.805,0.984,76.5,1.348,0.984,0.984
1786116812.607,S3,search,514,obs,0.9554,3.4733,4.499,83.4,4.019,4.499,4.499
1786116813.607,S1,recommend,0,prior,0.0,,,,1.24,,1.24
1786116813.607,S1,reserve,0,prior,0.0,,,,1.658,,1.658
1786116813.607,S1,search,0,prior,0.0,,,,6.899,,6.899
1786116813.607,S2,recommend,0,prior,0.0,,,,0.975,,0.975
1786116813.607,S2,reserve,0,prior,0.0,,,,1.332,,1.332
1786116813.607,S2,search,0,prior,0.0,,,,4.287,,4.287
1786116813.607,S3,recommend,682,obs,0.9578,0.685,1.349,80.8,1.0,1.349,1.349
1786116813.607,S3,reserve,346,obs,0.9566,0.8265,1.075,78.4,1.348,1.075,1.075
1786116813.607,S3,search,510,obs,0.9578,3.4257,4.406,83.4,4.019,4.406,4.406
1786116814.607,S1,recommend,0,prior,0.0,,,,1.24,,1.24
1786116814.607,S1,reserve,0,prior,0.0,,,,1.658,,1.658
1786116814.607,S1,search,0,prior,0.0,,,,6.899,,6.899
1786116814.607,S2,recommend,0,prior,0.0,,,,0.975,,0.975
1786116814.607,S2,reserve,0,prior,0.0,,,,1.332,,1.332
1786116814.607,S2,search,0,prior,0.0,,,,4.287,,4.287
1786116814.607,S3,recommend,688,obs,0.9604,0.6949,1.355,75.9,1.0,1.355,1.355
1786116814.607,S3,reserve,341,obs,0.9562,0.8218,1.063,74.2,1.348,1.063,1.063
1786116814.607,S3,search,512,obs,0.9566,3.4441,4.423,85.9,4.019,4.423,4.423
1786116815.607,S1,recommend,0,prior,0.0,,,,1.24,,1.24
1786116815.607,S1,reserve,0,prior,0.0,,,,1.658,,1.658
1786116815.607,S1,search,0,prior,0.0,,,,6.899,,6.899
1786116815.607,S2,recommend,0,prior,0.0,,,,0.975,,0.975
1786116815.607,S2,reserve,0,prior,0.0,,,,1.332,,1.332
1786116815.607,S2,search,0,prior,0.0,,,,4.287,,4.287
1786116815.607,S3,recommend,688,obs,0.9629,0.6974,1.283,73.4,1.0,1.283,1.283
1786116815.607,S3,reserve,340,obs,0.9566,0.8109,1.009,83.4,1.348,1.009,1.009
1786116815.607,S3,search,514,obs,0.9591,3.4754,4.531,75.9,4.019,4.531,4.531
1786116816.607,S1,recommend,0,prior,0.0,,,,1.24,,1.24
1786116816.607,S1,reserve,0,prior,0.0,,,,1.658,,1.658
1786116816.607,S1,search,0,prior,0.0,,,,6.899,,6.899
1786116816.607,S2,recommend,0,prior,0.0,,,,0.975,,0.975
1786116816.607,S2,reserve,0,prior,0.0,,,,1.332,,1.332
1786116816.607,S2,search,0,prior,0.0,,,,4.287,,4.287
1786116816.607,S3,recommend,684,obs,0.9604,0.7012,1.307,73.4,1.0,1.307,1.307
1786116816.607,S3,reserve,342,obs,0.9604,0.8252,1.019,78.4,1.348,1.019,1.019
1786116816.607,S3,search,516,obs,0.9604,3.4735,4.544,75.9,4.019,4.544,4.544
1786116817.607,S1,recommend,0,prior,0.0,,,,1.24,,1.24
1786116817.607,S1,reserve,0,prior,0.0,,,,1.658,,1.658
1786116817.607,S1,search,0,prior,0.0,,,,6.899,,6.899
1786116817.607,S2,recommend,0,prior,0.0,,,,0.975,,0.975
1786116817.607,S2,reserve,0,prior,0.0,,,,1.332,,1.332
1786116817.607,S2,search,0,prior,0.0,,,,4.287,,4.287
1786116817.607,S3,recommend,682,obs,0.9616,0.72,1.334,75.9,1.0,1.334,1.334
1786116817.607,S3,reserve,346,obs,0.9603,0.9162,1.03,73.4,1.348,1.03,1.03
1786116817.607,S3,search,514,obs,0.9559,3.5968,4.657,78.4,4.019,4.657,4.657
1786116818.607,S1,recommend,0,prior,0.0,,,,1.24,,1.24
1786116818.607,S1,reserve,0,prior,0.0,,,,1.658,,1.658
1786116818.607,S1,search,0,prior,0.0,,,,6.899,,6.899
1786116818.607,S2,recommend,0,prior,0.0,,,,0.975,,0.975
1786116818.607,S2,reserve,0,prior,0.0,,,,1.332,,1.332
1786116818.607,S2,search,0,prior,0.0,,,,4.287,,4.287
1786116818.607,S3,recommend,688,obs,0.9641,0.7141,1.385,70.9,1.0,1.385,1.385
1786116818.607,S3,reserve,344,obs,0.9566,0.9001,1.074,75.9,1.348,1.074,1.074
1786116818.607,S3,search,512,obs,0.9616,3.6055,4.584,73.4,4.019,4.584,4.584
1786116819.607,S1,recommend,0,prior,0.0,,,,1.24,,1.24
1786116819.607,S1,reserve,0,prior,0.0,,,,1.658,,1.658
1786116819.607,S1,search,0,prior,0.0,,,,6.899,,6.899
1786116819.607,S2,recommend,0,prior,0.0,,,,0.975,,0.975
1786116819.607,S2,reserve,0,prior,0.0,,,,1.332,,1.332
1786116819.607,S2,search,0,prior,0.0,,,,4.287,,4.287
1786116819.607,S3,recommend,688,obs,0.9604,0.6947,1.361,73.4,1.0,1.361,1.361
1786116819.607,S3,reserve,342,obs,0.9641,0.8175,1.074,70.9,1.348,1.074,1.074
1786116819.607,S3,search,514,obs,0.9591,3.5091,4.514,78.4,4.019,4.514,4.514
1786116820.607,S1,recommend,0,prior,0.0,,,,1.24,,1.24
1786116820.607,S1,reserve,0,prior,0.0,,,,1.658,,1.658
1786116820.607,S1,search,0,prior,0.0,,,,6.899,,6.899
1786116820.607,S2,recommend,0,prior,0.0,,,,0.975,,0.975
1786116820.607,S2,reserve,0,prior,0.0,,,,1.332,,1.332
1786116820.607,S2,search,0,prior,0.0,,,,4.287,,4.287
1786116820.607,S3,recommend,690,obs,0.9641,0.721,1.41,68.4,1.0,1.41,1.41
1786116820.607,S3,reserve,340,obs,0.9566,0.8578,1.174,81.0,1.348,1.174,1.174
1786116820.607,S3,search,516,obs,0.9629,3.598,4.693,73.4,4.019,4.693,4.693
1786116821.607,S1,recommend,0,prior,0.0,,,,1.24,,1.24
1786116821.607,S1,reserve,0,prior,0.0,,,,1.658,,1.658
1786116821.607,S1,search,0,prior,0.0,,,,6.899,,6.899
1786116821.607,S2,recommend,0,prior,0.0,,,,0.975,,0.975
1786116821.607,S2,reserve,0,prior,0.0,,,,1.332,,1.332
1786116821.607,S2,search,0,prior,0.0,,,,4.287,,4.287
1786116821.607,S3,recommend,684,obs,0.9641,0.7378,1.44,70.6,1.0,1.44,1.44
1786116821.607,S3,reserve,344,obs,0.9604,0.8474,1.166,75.6,1.348,1.166,1.166
1786116821.607,S3,search,516,obs,0.9604,3.5674,4.713,73.1,4.019,4.713,4.713
1786116822.607,S1,recommend,0,prior,0.0,,,,1.24,,1.24
1786116822.607,S1,reserve,0,prior,0.0,,,,1.658,,1.658
1786116822.607,S1,search,0,prior,0.0,,,,6.899,,6.899
1786116822.607,S2,recommend,0,prior,0.0,,,,0.975,,0.975
1786116822.607,S2,reserve,0,prior,0.0,,,,1.332,,1.332
1786116822.607,S2,search,0,prior,0.0,,,,4.287,,4.287
1786116822.607,S3,recommend,686,obs,0.9653,0.7038,1.328,66.0,1.0,1.328,1.328
1786116822.607,S3,reserve,348,obs,0.9603,0.8138,1.009,71.0,1.348,1.009,1.009
1786116822.607,S3,search,514,obs,0.9654,3.4782,4.486,68.5,4.019,4.486,4.486
1786116823.607,S1,recommend,0,prior,0.0,,,,1.24,,1.24
1786116823.607,S1,reserve,0,prior,0.0,,,,1.658,,1.658
1786116823.607,S1,search,0,prior,0.0,,,,6.899,,6.899
1786116823.607,S2,recommend,0,prior,0.0,,,,0.975,,0.975
1786116823.607,S2,reserve,0,prior,0.0,,,,1.332,,1.332
1786116823.607,S2,search,0,prior,0.0,,,,4.287,,4.287
1786116823.607,S3,recommend,690,obs,0.9641,0.7424,1.507,68.5,1.0,1.507,1.507
1786116823.607,S3,reserve,344,obs,0.9603,0.8405,1.031,66.0,1.348,1.031,1.031
1786116823.607,S3,search,514,obs,0.9641,3.5781,4.51,71.0,4.019,4.51,4.51
1786116824.607,S1,recommend,0,prior,0.0,,,,1.24,,1.24
1786116824.607,S1,reserve,0,prior,0.0,,,,1.658,,1.658
1786116824.607,S1,search,0,prior,0.0,,,,6.899,,6.899
1786116824.607,S2,recommend,0,prior,0.0,,,,0.975,,0.975
1786116824.607,S2,reserve,0,prior,0.0,,,,1.332,,1.332
1786116824.607,S2,search,0,prior,0.0,,,,4.287,,4.287
1786116824.607,S3,recommend,691,obs,0.9675,0.758,1.496,64.2,1.0,1.496,1.496
1786116824.607,S3,reserve,342,obs,0.9641,0.827,1.012,68.5,1.348,1.012,1.012
1786116824.607,S3,search,516,obs,0.9641,3.5767,4.528,66.0,4.019,4.528,4.528
1786116825.607,S1,recommend,0,prior,0.0,,,,1.24,,1.24
1786116825.607,S1,reserve,0,prior,0.0,,,,1.658,,1.658
1786116825.607,S1,search,0,prior,0.0,,,,6.899,,6.899
1786116825.607,S2,recommend,0,prior,0.0,,,,0.975,,0.975
1786116825.607,S2,reserve,0,prior,0.0,,,,1.332,,1.332
1786116825.607,S2,search,0,prior,0.0,,,,4.287,,4.287
1786116825.607,S3,recommend,688,obs,0.9641,0.7097,1.264,66.0,1.0,1.264,1.264
1786116825.607,S3,reserve,344,obs,0.9679,0.8117,0.989,63.5,1.348,0.989,0.989
1786116825.607,S3,search,518,obs,0.9628,3.4804,4.449,71.0,4.019,4.449,4.449
1786116826.607,S1,recommend,0,prior,0.0,,,,1.24,,1.24
1786116826.607,S1,reserve,0,prior,0.0,,,,1.658,,1.658
1786116826.607,S1,search,0,prior,0.0,,,,6.899,,6.899
1786116826.607,S2,recommend,0,prior,0.0,,,,0.975,,0.975
1786116826.607,S2,reserve,0,prior,0.0,,,,1.332,,1.332
1786116826.607,S2,search,0,prior,0.0,,,,4.287,,4.287
1786116826.607,S3,recommend,688,obs,0.9691,0.701,1.304,61.0,1.0,1.304,1.304
1786116826.607,S3,reserve,346,obs,0.9604,0.8211,1.029,73.5,1.348,1.029,1.029
1786116826.607,S3,search,518,obs,0.9629,3.4699,4.449,66.0,4.019,4.449,4.449
1786116827.607,S1,recommend,0,prior,0.0,,,,1.24,,1.24
1786116827.607,S1,reserve,0,prior,0.0,,,,1.658,,1.658
1786116827.607,S1,search,0,prior,0.0,,,,6.899,,6.899
1786116827.607,S2,recommend,0,prior,0.0,,,,0.975,,0.975
1786116827.607,S2,reserve,0,prior,0.0,,,,1.332,,1.332
1786116827.607,S2,search,0,prior,0.0,,,,4.287,,4.287
1786116827.607,S3,recommend,690,obs,0.9679,0.7242,1.392,63.5,1.0,1.392,1.392
1786116827.607,S3,reserve,346,obs,0.9604,0.8722,1.07,68.5,1.348,1.07,1.07
1786116827.607,S3,search,514,obs,0.9653,3.529,4.61,66.0,4.019,4.61,4.61
1786116828.607,S1,recommend,0,prior,0.0,,,,1.24,,1.24
1786116828.607,S1,reserve,0,prior,0.0,,,,1.658,,1.658
1786116828.607,S1,search,0,prior,0.0,,,,6.899,,6.899
1786116828.607,S2,recommend,0,prior,0.0,,,,0.975,,0.975
1786116828.607,S2,reserve,0,prior,0.0,,,,1.332,,1.332
1786116828.607,S2,search,0,prior,0.0,,,,4.287,,4.287
1786116828.607,S3,recommend,692,obs,0.9679,0.7299,1.458,58.2,1.0,1.458,1.458
1786116828.607,S3,reserve,344,obs,0.9679,0.8723,1.023,63.2,1.348,1.023,1.023
1786116828.607,S3,search,517,obs,0.9675,3.5494,4.616,61.4,4.019,4.616,4.616
1786116829.607,S1,recommend,0,prior,0.0,,,,1.24,,1.24
1786116829.607,S1,reserve,0,prior,0.0,,,,1.658,,1.658
1786116829.607,S1,search,0,prior,0.0,,,,6.899,,6.899
1786116829.607,S2,recommend,0,prior,0.0,,,,0.975,,0.975
1786116829.607,S2,reserve,0,prior,0.0,,,,1.332,,1.332
1786116829.607,S2,search,0,prior,0.0,,,,4.287,,4.287
1786116829.607,S3,recommend,692,obs,0.9678,0.7117,1.431,60.7,1.0,1.431,1.431
1786116829.607,S3,reserve,344,obs,0.9679,0.8049,1.02,58.2,1.348,1.02,1.02
1786116829.607,S3,search,518,obs,0.9679,3.5079,4.483,63.2,4.019,4.483,4.483
1786116830.607,S1,recommend,0,prior,0.0,,,,1.24,,1.24
1786116830.607,S1,reserve,0,prior,0.0,,,,1.658,,1.658
1786116830.607,S1,search,0,prior,0.0,,,,6.899,,6.899
1786116830.607,S2,recommend,0,prior,0.0,,,,0.975,,0.975
1786116830.607,S2,reserve,0,prior,0.0,,,,1.332,,1.332
1786116830.607,S2,search,0,prior,0.0,,,,4.287,,4.287
1786116830.607,S3,recommend,689,obs,0.9713,0.6953,1.274,56.7,1.0,1.274,1.274
1786116830.607,S3,reserve,346,obs,0.9678,0.8224,1.091,61.1,1.348,1.091,1.091
1786116830.607,S3,search,518,obs,0.9625,3.5026,4.617,68.6,4.019,4.617,4.617
1786116831.607,S1,recommend,0,prior,0.0,,,,1.24,,1.24
1786116831.607,S1,reserve,0,prior,0.0,,,,1.658,,1.658
1786116831.607,S1,search,0,prior,0.0,,,,6.899,,6.899
1786116831.607,S2,recommend,0,prior,0.0,,,,0.975,,0.975
1786116831.607,S2,reserve,0,prior,0.0,,,,1.332,,1.332
1786116831.607,S2,search,0,prior,0.0,,,,4.287,,4.287
1786116831.607,S3,recommend,690,obs,0.9691,0.6886,1.331,58.5,1.0,1.331,1.331
1786116831.607,S3,reserve,350,obs,0.9678,0.8404,1.149,56.1,1.348,1.149,1.149
1786116831.607,S3,search,516,obs,0.9679,3.4911,4.594,63.5,4.019,4.594,4.594
1786116832.607,S1,recommend,0,prior,0.0,,,,1.24,,1.24
1786116832.607,S1,reserve,0,prior,0.0,,,,1.658,,1.658
1786116832.607,S1,search,0,prior,0.0,,,,6.899,,6.899
1786116832.607,S2,recommend,0,prior,0.0,,,,0.975,,0.975
1786116832.607,S2,reserve,0,prior,0.0,,,,1.332,,1.332
1786116832.607,S2,search,0,prior,0.0,,,,4.287,,4.287
1786116832.607,S3,recommend,695,obs,0.9712,0.715,1.407,54.0,1.0,1.407,1.407
1786116832.607,S3,reserve,344,obs,0.9603,0.8386,1.079,65.7,1.348,1.079,1.079
1786116832.607,S3,search,518,obs,0.9704,3.4675,4.464,58.2,4.019,4.464,4.464
1786116833.607,S1,recommend,0,prior,0.0,,,,1.24,,1.24
1786116833.607,S1,reserve,0,prior,0.0,,,,1.658,,1.658
1786116833.607,S1,search,0,prior,0.0,,,,6.899,,6.899
1786116833.607,S2,recommend,0,prior,0.0,,,,0.975,,0.975
1786116833.607,S2,reserve,0,prior,0.0,,,,1.332,,1.332
1786116833.607,S2,search,0,prior,0.0,,,,4.287,,4.287
1786116833.607,S3,recommend,694,obs,0.9716,0.7354,1.405,56.1,1.0,1.405,1.405
1786116833.607,S3,reserve,344,obs,0.9678,0.8123,1.031,61.1,1.348,1.031,1.031
1786116833.607,S3,search,518,obs,0.9678,3.469,4.496,58.6,4.019,4.496,4.496
1786116834.607,S1,recommend,0,prior,0.0,,,,1.24,,1.24
1786116834.607,S1,reserve,0,prior,0.0,,,,1.658,,1.658
1786116834.607,S1,search,0,prior,0.0,,,,6.899,,6.899
1786116834.607,S2,recommend,0,prior,0.0,,,,0.975,,0.975
1786116834.607,S2,reserve,0,prior,0.0,,,,1.332,,1.332
1786116834.607,S2,search,0,prior,0.0,,,,4.287,,4.287
1786116834.607,S3,recommend,690,obs,0.9679,0.7139,1.375,58.5,1.0,1.375,1.375
1786116834.607,S3,reserve,346,obs,0.9716,0.8294,1.148,56.0,1.348,1.148,1.148
1786116834.607,S3,search,520,obs,0.9679,3.4784,4.467,61.1,4.019,4.467,4.467
1786116835.607,S1,recommend,0,prior,0.0,,,,1.24,,1.24
1786116835.607,S1,reserve,0,prior,0.0,,,,1.658,,1.658
1786116835.607,S1,search,0,prior,0.0,,,,6.899,,6.899
1786116835.607,S2,recommend,0,prior,0.0,,,,0.975,,0.975
1786116835.607,S2,reserve,0,prior,0.0,,,,1.332,,1.332
1786116835.607,S2,search,0,prior,0.0,,,,4.287,,4.287
1786116835.607,S3,recommend,690,obs,0.9729,0.6975,1.375,53.6,1.0,1.375,1.375
1786116835.607,S3,reserve,349,obs,0.9712,0.8257,1.107,51.8,1.348,1.107,1.107
1786116835.607,S3,search,520,obs,0.9679,3.4791,4.51,56.1,4.019,4.51,4.51
1786116836.607,S1,recommend,0,prior,0.0,,,,1.24,,1.24
1786116836.607,S1,reserve,0,prior,0.0,,,,1.658,,1.658
1786116836.607,S1,search,0,prior,0.0,,,,6.899,,6.899
1786116836.607,S2,recommend,0,prior,0.0,,,,0.975,,0.975
1786116836.607,S2,reserve,0,prior,0.0,,,,1.332,,1.332
1786116836.607,S2,search,0,prior,0.0,,,,4.287,,4.287
1786116836.607,S3,recommend,694,obs,0.9716,0.6942,1.373,55.8,1.0,1.373,1.373
1786116836.607,S3,reserve,348,obs,0.9679,0.8054,1.049,53.2,1.348,1.049,1.049
1786116836.607,S3,search,516,obs,0.9678,3.4746,4.494,60.8,4.019,4.494,4.494
1786116837.607,S1,recommend,0,prior,0.0,,,,1.24,,1.24
1786116837.607,S1,reserve,0,prior,0.0,,,,1.658,,1.658
1786116837.607,S1,search,0,prior,0.0,,,,6.899,,6.899
1786116837.607,S2,recommend,0,prior,0.0,,,,0.975,,0.975
1786116837.607,S2,reserve,0,prior,0.0,,,,1.332,,1.332
1786116837.607,S2,search,0,prior,0.0,,,,4.287,,4.287
1786116837.607,S3,recommend,696,obs,0.9716,0.7371,1.454,50.8,1.0,1.454,1.454
1786116837.607,S3,reserve,344,obs,0.9679,0.8509,1.138,63.3,1.348,1.138,1.138
1786116837.607,S3,search,520,obs,0.9703,3.5412,4.538,55.8,4.019,4.538,4.538
1786116838.607,S1,recommend,0,prior,0.0,,,,1.24,,1.24
1786116838.607,S1,reserve,0,prior,0.0,,,,1.658,,1.658
1786116838.607,S1,search,0,prior,0.0,,,,6.899,,6.899
1786116838.607,S2,recommend,0,prior,0.0,,,,0.975,,0.975
1786116838.607,S2,reserve,0,prior,0.0,,,,1.332,,1.332
1786116838.607,S2,search,0,prior,0.0,,,,4.287,,4.287
1786116838.607,S3,recommend,695,obs,0.9737,0.7429,1.43,49.1,1.0,1.43,1.43
1786116838.607,S3,reserve,344,obs,0.9679,0.8444,1.138,58.3,1.348,1.138,1.138
1786116838.607,S3,search,520,obs,0.9713,3.5845,4.721,55.8,4.019,4.721,4.721
1786116839.607,S1,recommend,0,prior,0.0,,,,1.24,,1.24
1786116839.607,S1,reserve,0,prior,0.0,,,,1.658,,1.658
1786116839.607,S1,search,0,prior,0.0,,,,6.899,,6.899
1786116839.607,S2,recommend,0,prior,0.0,,,,0.975,,0.975
1786116839.607,S2,reserve,0,prior,0.0,,,,1.332,,1.332
1786116839.607,S2,search,0,prior,0.0,,,,4.287,,4.287
1786116839.607,S3,recommend,692,obs,0.9753,0.7032,1.373,48.3,1.0,1.373,1.373
1786116839.607,S3,reserve,348,obs,0.9716,0.8084,1.025,53.3,1.348,1.025,1.025
1786116839.607,S3,search,521,obs,0.9713,3.5082,4.547,51.5,4.019,4.547,4.547
1786116840.607,S1,recommend,0,prior,0.0,,,,1.24,,1.24
1786116840.607,S1,reserve,0,prior,0.0,,,,1.658,,1.658
1786116840.607,S1,search,0,prior,0.0,,,,6.899,,6.899
1786116840.607,S2,recommend,0,prior,0.0,,,,0.975,,0.975
1786116840.607,S2,reserve,0,prior,0.0,,,,1.332,,1.332
1786116840.607,S2,search,0,prior,0.0,,,,4.287,,4.287
1786116840.607,S3,recommend,692,obs,0.9728,0.721,1.419,50.8,1.0,1.419,1.419
1786116840.607,S3,reserve,352,obs,0.9716,0.816,1.016,48.3,1.348,1.016,1.016
1786116840.607,S3,search,518,obs,0.9728,3.4865,4.433,53.3,4.019,4.433,4.433
1786116841.607,S1,recommend,0,prior,0.0,,,,1.24,,1.24
1786116841.607,S1,reserve,0,prior,0.0,,,,1.658,,1.658
1786116841.607,S1,search,0,prior,0.0,,,,6.899,,6.899
1786116841.607,S2,recommend,0,prior,0.0,,,,0.975,,0.975
1786116841.607,S2,reserve,0,prior,0.0,,,,1.332,,1.332
1786116841.607,S2,search,0,prior,0.0,,,,4.287,,4.287
1786116841.607,S3,recommend,698,obs,0.9754,0.7184,1.358,45.8,1.0,1.358,1.358
1786116841.607,S3,reserve,346,obs,0.9678,0.8092,0.969,50.8,1.348,0.969,0.969
1786116841.607,S3,search,519,obs,0.975,3.4676,4.375,49.1,4.019,4.375,4.375
1786116842.607,S1,recommend,0,prior,0.0,,,,1.24,,1.24
1786116842.607,S1,reserve,0,prior,0.0,,,,1.658,,1.658
1786116842.607,S1,search,0,prior,0.0,,,,6.899,,6.899
1786116842.607,S2,recommend,0,prior,0.0,,,,0.975,,0.975
1786116842.607,S2,reserve,0,prior,0.0,,,,1.332,,1.332
1786116842.607,S2,search,0,prior,0.0,,,,4.287,,4.287
1786116842.607,S3,recommend,698,obs,0.9754,0.7482,1.446,48.3,1.0,1.446,1.446
1786116842.607,S3,reserve,346,obs,0.9754,0.8422,1.107,45.8,1.348,1.107,1.107
1786116842.607,S3,search,520,obs,0.9703,3.5545,4.666,53.3,4.019,4.666,4.666
1786116843.607,S1,recommend,0,prior,0.0,,,,1.24,,1.24
1786116843.607,S1,reserve,0,prior,0.0,,,,1.658,,1.658
1786116843.607,S1,search,0,prior,0.0,,,,6.899,,6.899
1786116843.607,S2,recommend,0,prior,0.0,,,,0.975,,0.975
1786116843.607,S2,reserve,0,prior,0.0,,,,1.332,,1.332
1786116843.607,S2,search,0,prior,0.0,,,,4.287,,4.287
1786116843.607,S3,recommend,695,obs,0.975,0.7314,1.444,44.1,1.0,1.444,1.444
1786116843.607,S3,reserve,346,obs,0.9716,0.833,1.107,55.8,1.348,1.107,1.107
1786116843.607,S3,search,524,obs,0.9741,3.5323,4.656,48.3,4.019,4.656,4.656
1786116844.607,S1,recommend,0,prior,0.0,,,,1.24,,1.24
1786116844.607,S1,reserve,0,prior,0.0,,,,1.658,,1.658
1786116844.607,S1,search,0,prior,0.0,,,,6.899,,6.899
1786116844.607,S2,recommend,0,prior,0.0,,,,0.975,,0.975
1786116844.607,S2,reserve,0,prior,0.0,,,,1.332,,1.332
1786116844.607,S2,search,0,prior,0.0,,,,4.287,,4.287
1786116844.607,S3,recommend,692,obs,0.9766,0.7013,1.334,45.9,1.0,1.334,1.334
1786116844.607,S3,reserve,350,obs,0.9716,0.8243,1.066,50.8,1.348,1.066,1.066
1786116844.607,S3,search,522,obs,0.9716,3.4972,4.514,48.4,4.019,4.514,4.514
1786116845.607,S1,recommend,0,prior,0.0,,,,1.24,,1.24
1786116845.607,S1,reserve,0,prior,0.0,,,,1.658,,1.658
1786116845.607,S1,search,0,prior,0.0,,,,6.899,,6.899
1786116845.607,S2,recommend,0,prior,0.0,,,,0.975,,0.975
1786116845.607,S2,reserve,0,prior,0.0,,,,1.332,,1.332
1786116845.607,S2,search,0,prior,0.0,,,,4.287,,4.287
1786116845.607,S3,recommend,697,obs,0.9787,0.6955,1.325,41.6,1.0,1.325,1.325
1786116845.607,S3,reserve,350,obs,0.9716,0.8127,1.015,45.9,1.348,1.015,1.015
1786116845.607,S3,search,520,obs,0.9766,3.5067,4.523,43.3,4.019,4.523,4.523
1786116846.607,S1,recommend,0,prior,0.0,,,,1.24,,1.24
1786116846.607,S1,reserve,0,prior,0.0,,,,1.658,,1.658
1786116846.607,S1,search,0,prior,0.0,,,,6.899,,6.899
1786116846.607,S2,recommend,0,prior,0.0,,,,0.975,,0.975
1786116846.607,S2,reserve,0,prior,0.0,,,,1.332,,1.332
1786116846.607,S2,search,0,prior,0.0,,,,4.287,,4.287
1786116846.607,S3,recommend,698,obs,0.975,0.7042,1.372,43.3,1.0,1.372,1.372
1786116846.607,S3,reserve,348,obs,0.9791,0.8055,0.995,40.9,1.348,0.995,0.995
1786116846.607,S3,search,522,obs,0.9753,3.4884,4.523,45.9,4.019,4.523,4.523
1786116847.606,S1,recommend,0,prior,0.0,,,,1.24,,1.24
1786116847.606,S1,reserve,0,prior,0.0,,,,1.658,,1.658
1786116847.606,S1,search,0,prior,0.0,,,,6.899,,6.899
1786116847.606,S2,recommend,0,prior,0.0,,,,0.975,,0.975
1786116847.606,S2,reserve,0,prior,0.0,,,,1.332,,1.332
1786116847.606,S2,search,0,prior,0.0,,,,4.287,,4.287
1786116847.606,S3,recommend,586,obs,0.8179,0.7533,1.477,361.2,1.0,1.477,1.477
1786116847.606,S3,reserve,288,obs,0.8141,0.888,1.129,366.2,1.348,1.129,1.129
1786116847.606,S3,search,438,obs,0.8175,3.6619,4.727,363.7,4.019,4.727,4.727
1786116848.603,S1,recommend,0,prior,0.0,,,,1.24,,1.24
1786116848.603,S1,reserve,0,prior,0.0,,,,1.658,,1.658
1786116848.603,S1,search,0,prior,0.0,,,,6.899,,6.899
1786116848.603,S2,recommend,0,prior,0.0,,,,0.975,,0.975
1786116848.603,S2,reserve,0,prior,0.0,,,,1.332,,1.332
1786116848.603,S2,search,0,prior,0.0,,,,4.287,,4.287
1786116848.603,S3,recommend,228,prior_fill,0.3191,0.8213,1.592,1360.9,1.0,1.477,1.0
1786116848.603,S3,reserve,112,prior_fill,0.3153,1.0376,1.445,1365.9,1.348,1.129,1.348
1786116848.603,S3,search,172,prior_fill,0.3154,3.9207,5.76,1363.4,4.019,4.727,4.019
